number,label
0001,70
0002,42
0003,58
0004,06
0005,27
0006,60
0007,07
0008,35
0009,96
0010,35
0011,28
0012,97
0013,03
0014,47
0015,96
0016,96
0017,73
0018,01
0019,19
0020,50
0021,36
0022,05
0023,12
0024,72
0025,65
0026,48
0027,70
0028,76
0029,79
0030,42
0031,21
0032,92
0033,16
0034,35
0035,54
0036,20
0037,35
0038,61
0039,64
0040,18
0041,81
0042,28
0043,43
0044,81
0045,31
0046,82
0047,84
0048,74
0049,90
0050,09
0051,71
0052,59
0053,35
0054,12
0055,97
0056,50
0057,63
0058,41
0059,49
0060,85
0061,85
0062,02
0063,75
0064,10
0065,59
0066,23
0067,92
0068,51
0069,01
0070,18
0071,35
0072,43
0073,32
0074,20
0075,74
0076,79
0077,40
0078,50
0079,51
0080,42
0081,60
0082,21
0083,00
0084,46
0085,79
0086,68
0087,28
0088,06
0089,21
0090,10
0091,82
0092,73
0093,31
0094,22
0095,18
0096,94
0097,25
0098,21
0099,84
0100,03
0101,79
0102,50
0103,30
0104,06
0105,13
0106,39
0107,61
0108,69
0109,19
0110,83
0111,81
0112,13
0113,39
0114,72
0115,60
0116,71
0117,30
0118,96
0119,28
0120,72
0121,10
0122,11
0123,68
0124,72
0125,65
0126,61
0127,94
0128,17
0129,88
0130,49
0131,96
0132,09
0133,71
0134,94
0135,13
0136,33
0137,57
0138,01
0139,97
0140,50
0141,09
0142,57
0143,19
0144,91
0145,97
0146,27
0147,02
0148,07
0149,66
0150,82
0151,83
0152,97
0153,66
0154,37
0155,08
0156,59
0157,27
0158,06
0159,59
0160,59
0161,28
0162,63
0163,79
0164,34
0165,58
0166,34
0167,73
0168,12
0169,27
0170,97
0171,29
0172,46
0173,75
0174,38
0175,21
0176,39
0177,29
0178,73
0179,32
0180,05
0181,85
0182,55
0183,40
0184,17
0185,22
0186,20
0187,86
0188,01
0189,18
0190,91
0191,71
0192,72
0193,82
0194,23
0195,34
0196,43
0197,60
0198,06
0199,23
0200,76
0201,54
0202,28
0203,58
0204,30
0205,55
0206,61
0207,71
0208,10
0209,15
0210,13
0211,18
0212,97
0213,70
0214,06
0215,85
0216,35
0217,86
0218,81
0219,91
0220,36
0221,73
0222,62
0223,34
0224,03
0225,02
0226,24
0227,37
0228,23
0229,07
0230,13
0231,96
0232,39
0233,46
0234,05
0235,57
0236,57
0237,59
0238,88
0239,72
0240,32
0241,71
0242,57
0243,11
0244,10
0245,68
0246,67
0247,80
0248,24
0249,86
0250,39
0251,49
0252,19
0253,76
0254,76
0255,51
0256,99
0257,74
0258,06
0259,97
0260,65
0261,75
0262,35
0263,36
0264,96
0265,37
0266,03
0267,34
0268,96
0269,06
0270,84
0271,55
0272,30
0273,61
0274,12
0275,57
0276,61
0277,80
0278,55
0279,23
0280,55
0281,84
0282,51
0283,51
0284,60
0285,55
0286,50
0287,08
0288,92
0289,95
0290,94
0291,92
0292,42
0293,11
0294,94
0295,01
0296,66
0297,50
0298,95
0299,79
0300,72
0301,87
0302,35
0303,41
0304,42
0305,35
0306,25
0307,73
0308,19
0309,85
0310,04
0311,63
0312,19
0313,37
0314,13
0315,13
0316,35
0317,71
0318,43
0319,61
0320,57
0321,30
0322,33
0323,35
0324,72
0325,61
0326,10
0327,25
0328,18
0329,71
0330,19
0331,53
0332,09
0333,44
0334,70
0335,96
0336,59
0337,74
0338,59
0339,84
0340,96
0341,89
0342,06
0343,34
0344,83
0345,07
0346,60
0347,28
0348,39
0349,09
0350,79
0351,16
0352,86
0353,85
0354,76
0355,51
0356,31
0357,60
0358,42
0359,72
0360,24
0361,12
0362,42
0363,90
0364,85
0365,83
0366,19
0367,79
0368,05
0369,59
0370,67
0371,73
0372,42
0373,70
0374,03
0375,09
0376,61
0377,53
0378,57
0379,45
0380,72
0381,85
0382,13
0383,43
0384,96
0385,49
0386,81
0387,31
0388,87
0389,97
0390,30
0391,90
0392,85
0393,21
0394,92
0395,72
0396,25
0397,49
0398,39
0399,89
0400,67
0401,02
0402,38
0403,22
0404,92
0405,30
0406,34
0407,79
0408,51
0409,25
0410,56
0411,61
0412,78
0413,72
0414,96
0415,97
0416,39
0417,24
0418,28
0419,28
0420,73
0421,96
0422,56
0423,95
0424,97
0425,10
0426,81
0427,16
0428,28
0429,77
0430,05
0431,48
0432,17
0433,58
0434,80
0435,22
0436,85
0437,85
0438,33
0439,72
0440,78
0441,19
0442,13
0443,75
0444,78
0445,08
0446,16
0447,97
0448,69
0449,62
0450,33
0451,65
0452,23
0453,74
0454,21
0455,23
0456,86
0457,19
0458,90
0459,59
0460,79
0461,33
0462,05
0463,95
0464,59
0465,77
0466,13
0467,60
0468,78
0469,13
0470,58
0471,38
0472,97
0473,92
0474,31
0475,71
0476,85
0477,31
0478,97
0479,75
0480,18
0481,28
0482,38
0483,11
0484,97
0485,02
0486,05
0487,72
0488,38
0489,91
0490,55
0491,60
0492,18
0493,06
0494,18
0495,00
0496,51
0497,98
0498,93
0499,10
0500,62
0501,12
0502,37
0503,82
0504,18
0505,46
0506,92
0507,48
0508,31
0509,31
0510,22
0511,03
0512,51
0513,79
0514,23
0515,16
0516,52
0517,81
0518,54
0519,46
0520,95
0521,96
0522,19
0523,40
0524,38
0525,56
0526,14
0527,29
0528,96
0529,79
0530,20
0531,35
0532,05
0533,24
0534,34
0535,71
0536,27
0537,92
0538,97
0539,44
0540,18
0541,96
0542,81
0543,84
0544,35
0545,36
0546,50
0547,72
0548,96
0549,71
0550,34
0551,19
0552,63
0553,74
0554,60
0555,89
0556,44
0557,39
0558,24
0559,72
0560,01
0561,96
0562,44
0563,17
0564,97
0565,49
0566,61
0567,60
0568,17
0569,59
0570,92
0571,50
0572,85
0573,48
0574,13
0575,85
0576,65
0577,58
0578,97
0579,05
0580,23
0581,10
0582,85
0583,66
0584,79
0585,23
0586,14
0587,35
0588,97
0589,51
0590,71
0591,13
0592,05
0593,78
0594,23
0595,18
0596,50
0597,14
0598,61
0599,03
0600,59
0601,35
0602,95
0603,86
0604,27
0605,08
0606,63
0607,76
0608,06
0609,61
0610,61
0611,54
0612,17
0613,20
0614,37
0615,15
0616,10
0617,71
0618,94
0619,50
0620,19
0621,36
0622,96
0623,45
0624,70
0625,62
0626,68
0627,34
0628,05
0629,07
0630,69
0631,46
0632,81
0633,42
0634,80
0635,70
0636,68
0637,00
0638,30
0639,20
0640,14
0641,31
0642,44
0643,12
0644,97
0645,73
0646,06
0647,06
0648,02
0649,07
0650,54
0651,91
0652,83
0653,65
0654,07
0655,27
0656,40
0657,60
0658,06
0659,73
0660,31
0661,37
0662,84
0663,61
0664,37
0665,35
0666,71
0667,59
0668,97
0669,85
0670,18
0671,41
0672,23
0673,37
0674,82
0675,58
0676,37
0677,71
0678,51
0679,16
0680,42
0681,08
0682,06
0683,38
0684,79
0685,32
0686,06
0687,79
0688,85
0689,23
0690,85
0691,35
0692,81
0693,56
0694,71
0695,47
0696,35
0697,23
0698,54
0699,13
0700,32
0701,05
0702,17
0703,15
0704,80
0705,26
0706,28
0707,15
0708,79
0709,68
0710,28
0711,31
0712,61
0713,58
0714,18
0715,01
0716,72
0717,94
0718,84
0719,98
0720,18
0721,81
0722,07
0723,48
0724,88
0725,78
0726,85
0727,83
0728,23
0729,92
0730,63
0731,89
0732,79
0733,27
0734,38
0735,28
0736,21
0737,94
0738,02
0739,87
0740,96
0741,62
0742,97
0743,96
0744,26
0745,55
0746,90
0747,97
0748,18
0749,23
0750,57
0751,20
0752,54
0753,72
0754,41
0755,66
0756,50
0757,50
0758,91
0759,78
0760,10
0761,06
0762,90
0763,05
0764,57
0765,38
0766,87
0767,37
0768,47
0769,59
0770,52
0771,79
0772,34
0773,10
0774,08
0775,60
0776,54
0777,96
0778,72
0779,00
0780,28
0781,59
0782,92
0783,64
0784,84
0785,35
0786,83
0787,54
0788,50
0789,29
0790,76
0791,23
0792,20
0793,41
0794,66
0795,61
0796,03
0797,23
0798,89
0799,01
0800,72
0801,73
0802,78
0803,68
0804,30
0805,27
0806,30
0807,65
0808,56
0809,23
0810,87
0811,35
0812,81
0813,74
0814,29
0815,59
0816,95
0817,37
0818,09
0819,74
0820,98
0821,44
0822,79
0823,22
0824,37
0825,31
0826,05
0827,37
0828,90
0829,35
0830,71
0831,59
0832,18
0833,39
0834,10
0835,51
0836,20
0837,52
0838,29
0839,72
0840,94
0841,86
0842,62
0843,45
0844,42
0845,06
0846,50
0847,96
0848,55
0849,13
0850,73
0851,31
0852,37
0853,50
0854,97
0855,62
0856,18
0857,49
0858,87
0859,31
0860,02
0861,92
0862,06
0863,35
0864,55
0865,48
0866,82
0867,82
0868,64
0869,86
0870,76
0871,51
0872,20
0873,97
0874,45
0875,55
0876,71
0877,59
0878,71
0879,84
0880,06
0881,09
0882,35
0883,77
0884,70
0885,94
0886,48
0887,92
0888,59
0889,96
0890,36
0891,76
0892,84
0893,08
0894,55
0895,06
0896,05
0897,67
0898,81
0899,12
0900,47
0901,36
0902,35
0903,79
0904,85
0905,52
0906,81
0907,21
0908,12
0909,84
0910,76
0911,72
0912,91
0913,12
0914,97
0915,25
0916,23
0917,58
0918,24
0919,35
0920,71
0921,89
0922,35
0923,76
0924,79
0925,72
0926,30
0927,81
0928,44
0929,09
0930,10
0931,68
0932,13
0933,69
0934,03
0935,58
0936,43
0937,01
0938,23
0939,35
0940,05
0941,20
0942,99
0943,60
0944,42
0945,80
0946,13
0947,31
0948,74
0949,34
0950,61
0951,26
0952,68
0953,14
0954,20
0955,29
0956,87
0957,48
0958,53
0959,95
0960,96
0961,59
0962,72
0963,85
0964,03
0965,97
0966,69
0967,75
0968,60
0969,79
0970,24
0971,76
0972,81
0973,56
0974,16
0975,72
0976,71
0977,05
0978,92
0979,72
0980,72
0981,67
0982,94
0983,35
0984,59
0985,24
0986,08
0987,68
0988,37
0989,84
0990,10
0991,25
0992,03
0993,72
0994,92
0995,07
0996,06
0997,98
0998,26
0999,34
1000,95
1001,06
1002,73
1003,98
1004,89
1005,43
1006,87
1007,74
1008,20
1009,92
1010,05
1011,71
1012,85
1013,91
1014,71
1015,61
1016,11
1017,59
1018,71
1019,25
1020,26
1021,31
1022,91
1023,06
1024,19
1025,64
1026,39
1027,60
1028,05
1029,33
1030,96
1031,60
1032,41
1033,59
1034,52
1035,97
1036,19
1037,99
1038,85
1039,63
1040,52
1041,36
1042,55
1043,35
1044,97
1045,30
1046,44
1047,20
1048,86
1049,05
1050,33
1051,72
1052,55
1053,58
1054,35
1055,25
1056,58
1057,76
1058,83
1059,82
1060,59
1061,44
1062,72
1063,60
1064,35
1065,81
1066,81
1067,95
1068,68
1069,72
1070,06
1071,36
1072,35
1073,96
1074,71
1075,49
1076,34
1077,88
1078,85
1079,60
1080,56
1081,38
1082,90
1083,27
1084,94
1085,05
1086,37
1087,33
1088,07
1089,72
1090,85
1091,46
1092,74
1093,11
1094,85
1095,79
1096,09
1097,92
1098,59
1099,19
1100,92
1101,50
1102,72
1103,97
1104,13
1105,27
1106,80
1107,40
1108,49
1109,27
1110,79
1111,94
1112,04
1113,61
1114,60
1115,44
1116,31
1117,77
1118,86
1119,94
1120,93
1121,61
1122,69
1123,71
1124,26
1125,96
1126,59
1127,83
1128,77
1129,37
1130,96
1131,62
1132,35
1133,21
1134,35
1135,18
1136,76
1137,81
1138,62
1139,28
1140,94
1141,13
1142,37
1143,41
1144,09
1145,85
1146,15
1147,91
1148,10
1149,16
1150,41
1151,56
1152,60
1153,59
1154,10
1155,59
1156,86
1157,40
1158,17
1159,43
1160,85
1161,25
1162,35
1163,97
1164,27
1165,25
1166,58
1167,52
1168,97
1169,87
1170,04
1171,03
1172,50
1173,72
1174,96
1175,21
1176,27
1177,79
1178,08
1179,06
1180,53
1181,31
1182,24
1183,61
1184,43
1185,06
1186,94
1187,10
1188,05
1189,05
1190,62
1191,59
1192,86
1193,28
1194,29
1195,05
1196,35
1197,96
1198,03
1199,14
1200,68
1201,36
1202,18
1203,72
1204,27
1205,23
1206,23
1207,40
1208,57
1209,37
1210,43
1211,53
1212,20
1213,79
1214,65
1215,37
1216,23
1217,44
1218,96
1219,50
1220,88
1221,71
1222,21
1223,18
1224,18
1225,05
1226,17
1227,69
1228,21
1229,71
1230,87
1231,92
1232,77
1233,28
1234,21
1235,17
1236,94
1237,97
1238,97
1239,71
1240,76
1241,68
1242,35
1243,48
1244,20
1245,50
1246,52
1247,23
1248,34
1249,43
1250,17
1251,33
1252,59
1253,95
1254,71
1255,98
1256,99
1257,85
1258,32
1259,19
1260,85
1261,35
1262,81
1263,58
1264,75
1265,29
1266,85
1267,48
1268,43
1269,59
1270,94
1271,69
1272,55
1273,49
1274,29
1275,19
1276,75
1277,76
1278,23
1279,72
1280,56
1281,62
1282,44
1283,74
1284,65
1285,95
1286,37
1287,37
1288,66
1289,40
1290,34
1291,65
1292,23
1293,95
1294,37
1295,37
1296,27
1297,89
1298,41
1299,60
1300,71
1301,73
1302,67
1303,61
1304,65
1305,09
1306,91
1307,39
1308,09
1309,17
1310,22
1311,92
1312,02
1313,89
1314,35
1315,32
1316,99
1317,00
1318,85
1319,68
1320,71
1321,61
1322,71
1323,15
1324,97
1325,05
1326,20
1327,73
1328,57
1329,79
1330,20
1331,88
1332,51
1333,66
1334,72
1335,31
1336,93
1337,28
1338,19
1339,97
1340,60
1341,60
1342,38
1343,95
1344,34
1345,92
1346,31
1347,31
1348,86
1349,56
1350,58
1351,86
1352,38
1353,59
1354,30
1355,75
1356,76
1357,40
1358,37
1359,92
1360,96
1361,65
1362,27
1363,72
1364,05
1365,31
1366,72
1367,42
1368,91
1369,78
1370,10
1371,10
1372,97
1373,17
1374,24
1375,23
1376,96
1377,14
1378,50
1379,35
1380,37
1381,99
1382,50
1383,86
1384,30
1385,85
1386,60
1387,69
1388,09
1389,97
1390,60
1391,38
1392,01
1393,85
1394,79
1395,92
1396,75
1397,86
1398,25
1399,27
1400,61
1401,35
1402,19
1403,06
1404,09
1405,97
1406,40
1407,39
1408,88
1409,67
1410,71
1411,97
1412,35
1413,09
1414,98
1415,34
1416,79
1417,69
1418,69
1419,86
1420,87
1421,27
1422,35
1423,71
1424,60
1425,84
1426,18
1427,10
1428,29
1429,18
1430,33
1431,35
1432,71
1433,72
1434,81
1435,59
1436,31
1437,24
1438,70
1439,87
1440,55
1441,71
1442,72
1443,46
1444,70
1445,79
1446,34
1447,28
1448,27
1449,78
1450,25
1451,52
1452,92
1453,45
1454,61
1455,19
1456,96
1457,06
1458,00
1459,94
1460,60
1461,59
1462,38
1463,03
1464,72
1465,31
1466,74
1467,50
1468,37
1469,46
1470,95
1471,34
1472,39
1473,66
1474,70
1475,60
1476,39
1477,05
1478,41
1479,72
1480,23
1481,23
1482,39
1483,98
1484,25
1485,86
1486,61
1487,84
1488,85
1489,85
1490,43
1491,63
1492,79
1493,59
1494,65
1495,95
1496,79
1497,91
1498,84
1499,24
1500,05
1501,30
1502,68
1503,26
1504,32
1505,07
1506,59
1507,88
1508,83
1509,55
1510,16
1511,55
1512,36
1513,10
1514,95
1515,86
1516,53
1517,72
1518,65
1519,97
1520,12
1521,50
1522,92
1523,18
1524,71
1525,97
1526,67
1527,55
1528,92
1529,31
1530,45
1531,69
1532,64
1533,78
1534,85
1535,10
1536,31
1537,95
1538,80
1539,29
1540,85
1541,23
1542,27
1543,43
1544,63
1545,50
1546,23
1547,87
1548,30
1549,23
1550,88
1551,05
1552,84
1553,35
1554,21
1555,07
1556,12
1557,81
1558,96
1559,78
1560,81
1561,18
1562,60
1563,35
1564,66
1565,18
1566,65
1567,74
1568,12
1569,87
1570,34
1571,72
1572,09
1573,28
1574,89
1575,41
1576,09
1577,55
1578,71
1579,38
1580,50
1581,06
1582,74
1583,16
1584,91
1585,87
1586,83
1587,35
1588,35
1589,31
1590,33
1591,38
1592,85
1593,81
1594,77
1595,63
1596,01
1597,41
1598,13
1599,50
1600,70
1601,96
1602,54
1603,40
1604,76
1605,72
1606,67
1607,79
1608,61
1609,71
1610,93
1611,29
1612,03
1613,84
1614,97
1615,67
1616,97
1617,17
1618,84
1619,81
1620,69
1621,59
1622,55
1623,06
1624,34
1625,50
1626,78
1627,06
1628,54
1629,39
1630,78
1631,50
1632,70
1633,28
1634,92
1635,92
1636,43
1637,23
1638,84
1639,08
1640,28
1641,94
1642,95
1643,12
1644,71
1645,10
1646,05
1647,59
1648,65
1649,12
1650,56
1651,45
1652,85
1653,91
1654,61
1655,59
1656,76
1657,85
1658,82
1659,91
1660,41
1661,05
1662,76
1663,55
1664,23
1665,21
1666,81
1667,05
1668,05
1669,85
1670,97
1671,37
1672,20
1673,71
1674,62
1675,31
1676,27
1677,61
1678,36
1679,35
1680,38
1681,99
1682,18
1683,79
1684,01
1685,85
1686,74
1687,67
1688,65
1689,99
1690,06
1691,46
1692,57
1693,81
1694,88
1695,61
1696,30
1697,33
1698,20
1699,68
1700,75
1701,91
1702,39
1703,80
1704,37
1705,34
1706,71
1707,18
1708,13
1709,26
1710,09
1711,63
1712,32
1713,80
1714,09
1715,80
1716,50
1717,09
1718,22
1719,05
1720,60
1721,79
1722,66
1723,88
1724,44
1725,67
1726,88
1727,87
1728,83
1729,72
1730,51
1731,96
1732,97
1733,08
1734,15
1735,96
1736,84
1737,76
1738,37
1739,76
1740,04
1741,54
1742,80
1743,47
1744,41
1745,23
1746,71
1747,28
1748,77
1749,78
1750,22
1751,97
1752,61
1753,56
1754,06
1755,36
1756,28
1757,58
1758,32
1759,68
1760,39
1761,23
1762,85
1763,97
1764,59
1765,01
1766,59
1767,69
1768,09
1769,43
1770,03
1771,07
1772,47
1773,87
1774,61
1775,46
1776,87
1777,91
1778,92
1779,55
1780,34
1781,70
1782,76
1783,16
1784,92
1785,35
1786,72
1787,06
1788,85
1789,06
1790,81
1791,19
1792,69
1793,72
1794,43
1795,28
1796,75
1797,94
1798,42
1799,34
1800,72
1801,79
1802,30
1803,81
1804,42
1805,92
1806,06
1807,96
1808,02
1809,78
1810,18
1811,37
1812,85
1813,28
1814,59
1815,10
1816,72
1817,64
1818,53
1819,32
1820,01
1821,64
1822,76
1823,21
1824,17
1825,02
1826,06
1827,41
1828,72
1829,71
1830,00
1831,18
1832,22
1833,68
1834,06
1835,73
1836,26
1837,74
1838,28
1839,81
1840,79
1841,54
1842,54
1843,76
1844,72
1845,47
1846,28
1847,30
1848,83
1849,03
1850,05
1851,30
1852,79
1853,55
1854,76
1855,95
1856,79
1857,37
1858,53
1859,96
1860,43
1861,76
1862,99
1863,15
1864,65
1865,30
1866,74
1867,40
1868,39
1869,00
1870,92
1871,43
1872,36
1873,20
1874,95
1875,06
1876,51
1877,44
1878,61
1879,35
1880,29
1881,56
1882,71
1883,90
1884,06
1885,33
1886,79
1887,97
1888,94
1889,73
1890,63
1891,18
1892,83
1893,86
1894,60
1895,46
1896,60
1897,10
1898,19
1899,39
1900,66
1901,19
1902,82
1903,79
1904,20
1905,44
1906,55
1907,25
1908,14
1909,81
1910,27
1911,02
1912,96
1913,37
1914,68
1915,28
1916,33
1917,92
1918,79
1919,46
1920,81
1921,59
1922,79
1923,33
1924,61
1925,60
1926,22
1927,72
1928,60
1929,74
1930,80
1931,84
1932,81
1933,14
1934,71
1935,85
1936,13
1937,16
1938,92
1939,57
1940,81
1941,05
1942,97
1943,71
1944,99
1945,26
1946,35
1947,28
1948,97
1949,33
1950,55
1951,83
1952,57
1953,57
1954,03
1955,42
1956,55
1957,73
1958,27
1959,60
1960,90
1961,37
1962,15
1963,30
1964,18
1965,31
1966,92
1967,81
1968,12
1969,22
1970,60
1971,08
1972,17
1973,72
1974,16
1975,13
1976,13
1977,10
1978,71
1979,00
1980,94
1981,30
1982,30
1983,97
1984,89
1985,35
1986,23
1987,34
1988,61
1989,08
1990,81
1991,97
1992,19
1993,31
1994,98
1995,71
1996,61
1997,81
1998,06
1999,31
2000,71
2001,88
2002,62
2003,46
2004,27
2005,13
2006,15
2007,09
2008,66
2009,37
2010,72
2011,84
2012,79
2013,97
2014,71
2015,95
2016,62
2017,35
2018,03
2019,58
2020,83
2021,61
2022,02
2023,18
2024,21
2025,50
2026,32
2027,97
2028,95
2029,94
2030,79
2031,14
2032,55
2033,78
2034,13
2035,35
2036,31
2037,42
2038,59
2039,94
2040,10
2041,97
2042,10
2043,87
2044,84
2045,73
2046,02
2047,97
2048,17
2049,42
2050,79
2051,15
2052,65
2053,00
2054,53
2055,71
2056,06
2057,56
2058,91
2059,13
2060,81
2061,67
2062,24
2063,57
2064,74
2065,74
2066,98
2067,81
2068,02
2069,69
2070,72
2071,79
2072,18
2073,76
2074,55
2075,44
2076,24
2077,08
2078,00
2079,63
2080,97
2081,57
2082,72
2083,10
2084,57
2085,12
2086,88
2087,33
2088,19
2089,30
2090,64
2091,54
2092,91
2093,96
2094,20
2095,21
2096,37
2097,88
2098,31
2099,92
2100,06
2101,94
2102,23
2103,73
2104,99
2105,96
2106,58
2107,37
2108,94
2109,97
2110,03
2111,41
2112,03
2113,15
2114,12
2115,06
2116,71
2117,67
2118,24
2119,59
2120,10
2121,28
2122,80
2123,67
2124,73
2125,97
2126,79
2127,09
2128,13
2129,46
2130,79
2131,81
2132,86
2133,37
2134,32
2135,87
2136,62
2137,11
2138,52
2139,05
2140,91
2141,35
2142,84
2143,31
2144,74
2145,68
2146,84
2147,43
2148,12
2149,60
2150,61
2151,07
2152,71
2153,15
2154,30
2155,50
2156,61
2157,96
2158,65
2159,97
2160,00
2161,94
2162,39
2163,18
2164,87
2165,73
2166,62
2167,39
2168,39
2169,43
2170,84
2171,12
2172,79
2173,46
2174,33
2175,20
2176,31
2177,89
2178,12
2179,19
2180,03
2181,35
2182,10
2183,59
2184,23
2185,40
2186,78
2187,54
2188,05
2189,51
2190,68
2191,92
2192,78
2193,85
2194,76
2195,32
2196,95
2197,72
2198,84
2199,28
2200,07
2201,37
2202,29
2203,78
2204,15
2205,98
2206,40
2207,46
2208,60
2209,55
2210,92
2211,35
2212,70
2213,46
2214,60
2215,05
2216,50
2217,37
2218,26
2219,61
2220,12
2221,51
2222,51
2223,31
2224,37
2225,20
2226,71
2227,61
2228,35
2229,05
2230,50
2231,68
2232,50
2233,30
2234,29
2235,80
2236,76
2237,25
2238,71
2239,55
2240,37
2241,61
2242,29
2243,92
2244,80
2245,94
2246,50
2247,66
2248,64
2249,32
2250,19
2251,18
2252,39
2253,52
2254,52
2255,32
2256,31
2257,67
2258,71
2259,78
2260,47
2261,46
2262,76
2263,23
2264,76
2265,84
2266,58
2267,21
2268,18
2269,18
2270,22
2271,00
2272,69
2273,50
2274,56
2275,92
2276,27
2277,00
2278,28
2279,04
2280,25
2281,95
2282,88
2283,23
2284,58
2285,40
2286,37
2287,09
2288,01
2289,96
2290,09
2291,06
2292,37
2293,60
2294,10
2295,37
2296,10
2297,65
2298,59
2299,59
2300,84
2301,71
2302,96
2303,35
2304,90
2305,62
2306,30
2307,29
2308,85
2309,48
2310,16
2311,83
2312,49
2313,09
2314,75
2315,20
2316,11
2317,03
2318,12
2319,99
2320,86
2321,80
2322,78
2323,30
2324,84
2325,05
2326,32
2327,56
2328,76
2329,05
2330,59
2331,43
2332,63
2333,41
2334,35
2335,79
2336,59
2337,41
2338,59
2339,89
2340,84
2341,34
2342,78
2343,26
2344,44
2345,80
2346,05
2347,42
2348,48
2349,05
2350,44
2351,23
2352,34
2353,30
2354,68
2355,11
2356,95
2357,76
2358,09
2359,72
2360,07
2361,35
2362,56
2363,51
2364,61
2365,00
2366,35
2367,94
2368,82
2369,36
2370,85
2371,97
2372,18
2373,49
2374,35
2375,75
2376,21
2377,42
2378,52
2379,96
2380,92
2381,57
2382,60
2383,09
2384,66
2385,79
2386,10
2387,72
2388,10
2389,49
2390,94
2391,42
2392,69
2393,67
2394,12
2395,82
2396,60
2397,21
2398,72
2399,05
2400,80
2401,34
2402,72
2403,31
2404,36
2405,82
2406,69
2407,63
2408,71
2409,26
2410,69
2411,05
2412,70
2413,40
2414,33
2415,76
2416,59
2417,29
2418,18
2419,05
2420,74
2421,65
2422,95
2423,39
2424,80
2425,45
2426,86
2427,70
2428,35
2429,08
2430,51
2431,69
2432,25
2433,28
2434,10
2435,64
2436,79
2437,94
2438,40
2439,06
2440,28
2441,89
2442,82
2443,56
2444,59
2445,46
2446,68
2447,59
2448,81
2449,09
2450,09
2451,59
2452,55
2453,37
2454,97
2455,26
2456,41
2457,60
2458,40
2459,50
2460,55
2461,88
2462,94
2463,35
2464,92
2465,10
2466,18
2467,83
2468,87
2469,23
2470,37
2471,77
2472,12
2473,17
2474,81
2475,71
2476,49
2477,79
2478,85
2479,68
2480,80
2481,95
2482,23
2483,35
2484,76
2485,32
2486,75
2487,37
2488,69
2489,86
2490,84
2491,93
2492,96
2493,96
2494,59
2495,66
2496,75
2497,44
2498,23
2499,95
2500,23
2501,12
2502,92
2503,02
2504,37
2505,87
2506,67
2507,42
2508,06
2509,73
2510,71
2511,11
2512,06
2513,66
2514,68
2515,45
2516,84
2517,31
2518,73
2519,01
2520,52
2521,56
2522,69
2523,36
2524,61
2525,59
2526,62
2527,28
2528,13
2529,73
2530,02
2531,68
2532,10
2533,77
2534,29
2535,39
2536,19
2537,59
2538,68
2539,35
2540,95
2541,71
2542,16
2543,74
2544,02
2545,59
2546,06
2547,71
2548,05
2549,06
2550,61
2551,80
2552,60
2553,96
2554,23
2555,40
2556,41
2557,56
2558,99
2559,46
2560,31
2561,92
2562,40
2563,51
2564,35
2565,27
2566,27
2567,58
2568,01
2569,72
2570,78
2571,71
2572,84
2573,82
2574,07
2575,35
2576,28
2577,67
2578,35
2579,06
2580,02
2581,66
2582,09
2583,43
2584,38
2585,59
2586,41
2587,56
2588,75
2589,50
2590,70
2591,07
2592,28
2593,18
2594,99
2595,63
2596,05
2597,57
2598,76
2599,23
2600,24
2601,51
2602,42
2603,29
2604,27
2605,08
2606,36
2607,72
2608,30
2609,92
2610,35
2611,77
2612,31
2613,59
2614,20
2615,23
2616,24
2617,34
2618,68
2619,15
2620,81
2621,46
2622,74
2623,92
2624,53
2625,97
2626,85
2627,27
2628,57
2629,80
2630,97
2631,86
2632,84
2633,86
2634,33
2635,17
2636,33
2637,16
2638,48
2639,49
2640,94
2641,35
2642,34
2643,61
2644,72
2645,76
2646,94
2647,06
2648,12
2649,96
2650,42
2651,35
2652,45
2653,10
2654,79
2655,40
2656,96
2657,72
2658,27
2659,08
2660,33
2661,60
2662,20
2663,00
2664,05
2665,75
2666,43
2667,55
2668,04
2669,46
2670,00
2671,73
2672,35
2673,15
2674,25
2675,59
2676,71
2677,00
2678,83
2679,17
2680,13
2681,32
2682,34
2683,19
2684,75
2685,79
2686,36
2687,83
2688,71
2689,80
2690,69
2691,45
2692,60
2693,18
2694,09
2695,94
2696,79
2697,79
2698,10
2699,99
2700,94
2701,37
2702,71
2703,67
2704,06
2705,49
2706,59
2707,37
2708,91
2709,59
2710,37
2711,71
2712,97
2713,57
2714,85
2715,50
2716,10
2717,02
2718,61
2719,15
2720,38
2721,79
2722,03
2723,85
2724,03
2725,37
2726,79
2727,25
2728,04
2729,04
2730,60
2731,10
2732,84
2733,74
2734,54
2735,35
2736,27
2737,10
2738,05
2739,05
2740,71
2741,15
2742,72
2743,10
2744,27
2745,74
2746,57
2747,61
2748,36
2749,90
2750,91
2751,53
2752,92
2753,81
2754,63
2755,28
2756,06
2757,25
2758,46
2759,20
2760,94
2761,96
2762,45
2763,21
2764,96
2765,60
2766,62
2767,77
2768,80
2769,86
2770,13
2771,85
2772,33
2773,10
2774,05
2775,48
2776,10
2777,81
2778,31
2779,91
2780,21
2781,74
2782,92
2783,30
2784,68
2785,47
2786,21
2787,97
2788,25
2789,35
2790,10
2791,15
2792,80
2793,27
2794,76
2795,73
2796,25
2797,43
2798,06
2799,76
2800,63
2801,34
2802,94
2803,99
2804,98
2805,79
2806,08
2807,60
2808,20
2809,79
2810,16
2811,69
2812,50
2813,34
2814,75
2815,59
2816,40
2817,87
2818,69
2819,55
2820,33
2821,09
2822,36
2823,59
2824,72
2825,44
2826,35
2827,84
2828,05
2829,25
2830,95
2831,23
2832,28
2833,18
2834,93
2835,59
2836,58
2837,85
2838,96
2839,56
2840,16
2841,10
2842,10
2843,59
2844,97
2845,60
2846,76
2847,10
2848,96
2849,23
2850,62
2851,17
2852,75
2853,07
2854,71
2855,34
2856,87
2857,00
2858,15
2859,97
2860,85
2861,72
2862,65
2863,59
2864,75
2865,58
2866,35
2867,36
2868,86
2869,72
2870,79
2871,72
2872,72
2873,27
2874,84
2875,88
2876,92
2877,07
2878,38
2879,39
2880,86
2881,11
2882,44
2883,79
2884,46
2885,49
2886,55
2887,36
2888,50
2889,79
2890,76
2891,51
2892,82
2893,27
2894,78
2895,81
2896,15
2897,59
2898,38
2899,71
2900,15
2901,19
2902,14
2903,13
2904,07
2905,62
2906,11
2907,72
2908,18
2909,12
2910,96
2911,94
2912,38
2913,23
2914,96
2915,16
2916,10
2917,59
2918,21
2919,57
2920,16
2921,92
2922,32
2923,31
2924,65
2925,48
2926,42
2927,81
2928,92
2929,18
2930,96
2931,18
2932,60
2933,05
2934,37
2935,75
2936,11
2937,99
2938,55
2939,25
2940,43
2941,76
2942,45
2943,47
2944,71
2945,59
2946,32
2947,07
2948,18
2949,13
2950,95
2951,30
2952,57
2953,35
2954,92
2955,71
2956,84
2957,85
2958,05
2959,72
2960,06
2961,57
2962,94
2963,37
2964,54
2965,41
2966,57
2967,73
2968,71
2969,71
2970,35
2971,56
2972,42
2973,27
2974,88
2975,72
2976,97
2977,94
2978,28
2979,62
2980,60
2981,79
2982,05
2983,76
2984,34
2985,13
2986,00
2987,78
2988,79
2989,28
2990,10
2991,92
2992,96
2993,81
2994,01
2995,99
2996,96
2997,13
2998,75
2999,87
3000,92
