number, label
0001, 70
0002, 42
0003, 58
0004, 41
0005, 27
0006, 60
0007, 7
0008, 35
0009, 96
0010, 11
0011, 71
0012, 97
0013, 30
0014, 47
0015, 96
0016, 47
0017, 30
0018, 47
0019, 27
0020, 50
0021, 36
0022, 27
0023, 12
0024, 23
0025, 23
0026, 48
0027, 70
0028, 76
0029, 72
0030, 96
0031, 21
0032, 92
0033, 16
0034, 35
0035, 54
0036, 20
0037, 97
0038, 22
0039, 64
0040, 18
0041, 37
0042, 28
0043, 43
0044, 81
0045, 31
0046, 82
0047, 25
0048, 74
0049, 90
0050, 80
0051, 71
0052, 59
0053, 31
0054, 76
0055, 97
0056, 50
0057, 63
0058, 41
0059, 30
0060, 44
0061, 96
0062, 35
0063, 75
0064, 10
0065, 51
0066, 23
0067, 72
0068, 51
0069, 1
0070, 6
0071, 98
0072, 96
0073, 32
0074, 20
0075, 74
0076, 79
0077, 40
0078, 24
0079, 31
0080, 42
0081, 60
0082, 21
0083, 0
0084, 46
0085, 44
0086, 68
0087, 10
0088, 66
0089, 21
0090, 77
0091, 82
0092, 73
0093, 4
0094, 22
0095, 18
0096, 96
0097, 25
0098, 21
0099, 79
0100, 3
0101, 79
0102, 50
0103, 30
0104, 6
0105, 33
0106, 39
0107, 61
0108, 69
0109, 55
0110, 83
0111, 13
0112, 13
0113, 39
0114, 64
0115, 60
0116, 71
0117, 79
0118, 96
0119, 16
0120, 72
0121, 32
0122, 11
0123, 68
0124, 74
0125, 2
0126, 22
0127, 51
0128, 17
0129, 88
0130, 93
0131, 96
0132, 94
0133, 85
0134, 94
0135, 13
0136, 97
0137, 57
0138, 1
0139, 63
0140, 67
0141, 9
0142, 57
0143, 19
0144, 91
0145, 31
0146, 27
0147, 11
0148, 7
0149, 66
0150, 82
0151, 0
0152, 96
0153, 66
0154, 3
0155, 8
0156, 49
0157, 27
0158, 79
0159, 31
0160, 47
0161, 10
0162, 63
0163, 26
0164, 34
0165, 34
0166, 34
0167, 73
0168, 12
0169, 70
0170, 72
0171, 48
0172, 46
0173, 75
0174, 38
0175, 21
0176, 39
0177, 29
0178, 67
0179, 32
0180, 27
0181, 96
0182, 4
0183, 40
0184, 17
0185, 22
0186, 20
0187, 6
0188, 1
0189, 18
0190, 18
0191, 71
0192, 27
0193, 82
0194, 23
0195, 34
0196, 43
0197, 87
0198, 56
0199, 80
0200, 76
0201, 54
0202, 28
0203, 4
0204, 73
0205, 55
0206, 10
0207, 55
0208, 0
0209, 15
0210, 38
0211, 72
0212, 64
0213, 70
0214, 7
0215, 89
0216, 35
0217, 86
0218, 81
0219, 55
0220, 36
0221, 73
0222, 62
0223, 34
0224, 3
0225, 2
0226, 24
0227, 37
0228, 67
0229, 7
0230, 84
0231, 96
0232, 39
0233, 46
0234, 5
0235, 57
0236, 57
0237, 7
0238, 88
0239, 27
0240, 46
0241, 71
0242, 57
0243, 11
0244, 67
0245, 68
0246, 2
0247, 55
0248, 24
0249, 86
0250, 39
0251, 90
0252, 32
0253, 33
0254, 76
0255, 51
0256, 99
0257, 38
0258, 80
0259, 97
0260, 27
0261, 75
0262, 15
0263, 36
0264, 96
0265, 37
0266, 4
0267, 64
0268, 96
0269, 48
0270, 15
0271, 45
0272, 30
0273, 61
0274, 12
0275, 53
0276, 78
0277, 80
0278, 4
0279, 23
0280, 3
0281, 91
0282, 51
0283, 51
0284, 60
0285, 55
0286, 50
0287, 8
0288, 82
0289, 30
0290, 94
0291, 84
0292, 66
0293, 35
0294, 94
0295, 4
0296, 66
0297, 50
0298, 95
0299, 50
0300, 80
0301, 87
0302, 35
0303, 93
0304, 42
0305, 55
0306, 25
0307, 73
0308, 15
0309, 89
0310, 50
0311, 21
0312, 19
0313, 71
0314, 18
0315, 13
0316, 35
0317, 71
0318, 43
0319, 70
0320, 0
0321, 30
0322, 33
0323, 35
0324, 72
0325, 84
0326, 4
0327, 96
0328, 18
0329, 71
0330, 43
0331, 53
0332, 9
0333, 26
0334, 70
0335, 96
0336, 59
0337, 27
0338, 59
0339, 27
0340, 59
0341, 89
0342, 50
0343, 66
0344, 83
0345, 7
0346, 12
0347, 28
0348, 78
0349, 9
0350, 79
0351, 0
0352, 86
0353, 55
0354, 24
0355, 51
0356, 31
0357, 60
0358, 42
0359, 73
0360, 24
0361, 12
0362, 42
0363, 90
0364, 10
0365, 83
0366, 19
0367, 24
0368, 34
0369, 50
0370, 67
0371, 55
0372, 44
0373, 70
0374, 63
0375, 9
0376, 61
0377, 53
0378, 2
0379, 45
0380, 4
0381, 85
0382, 81
0383, 15
0384, 52
0385, 49
0386, 90
0387, 79
0388, 87
0389, 97
0390, 30
0391, 90
0392, 85
0393, 21
0394, 92
0395, 95
0396, 84
0397, 49
0398, 78
0399, 96
0400, 97
0401, 11
0402, 42
0403, 22
0404, 36
0405, 97
0406, 34
0407, 79
0408, 55
0409, 17
0410, 56
0411, 10
0412, 78
0413, 73
0414, 96
0415, 97
0416, 39
0417, 24
0418, 94
0419, 28
0420, 1
0421, 96
0422, 56
0423, 95
0424, 97
0425, 10
0426, 81
0427, 79
0428, 97
0429, 77
0430, 37
0431, 48
0432, 17
0433, 58
0434, 55
0435, 84
0436, 85
0437, 4
0438, 27
0439, 72
0440, 31
0441, 19
0442, 81
0443, 75
0444, 44
0445, 8
0446, 16
0447, 27
0448, 69
0449, 62
0450, 33
0451, 32
0452, 27
0453, 74
0454, 21
0455, 23
0456, 22
0457, 31
0458, 90
0459, 59
0460, 79
0461, 33
0462, 94
0463, 95
0464, 4
0465, 77
0466, 81
0467, 60
0468, 18
0469, 37
0470, 58
0471, 38
0472, 31
0473, 92
0474, 55
0475, 50
0476, 85
0477, 50
0478, 42
0479, 75
0480, 14
0481, 28
0482, 38
0483, 11
0484, 97
0485, 2
0486, 5
0487, 72
0488, 19
0489, 18
0490, 63
0491, 60
0492, 74
0493, 88
0494, 18
0495, 0
0496, 40
0497, 98
0498, 93
0499, 10
0500, 0
0501, 85
0502, 37
0503, 82
0504, 79
0505, 46
0506, 70
0507, 48
0508, 31
0509, 3
0510, 22
0511, 3
0512, 51
0513, 55
0514, 71
0515, 16
0516, 52
0517, 81
0518, 10
0519, 46
0520, 95
0521, 96
0522, 4
0523, 40
0524, 38
0525, 96
0526, 14
0527, 29
0528, 23
0529, 80
0530, 94
0531, 98
0532, 5
0533, 24
0534, 80
0535, 27
0536, 93
0537, 41
0538, 55
0539, 79
0540, 18
0541, 96
0542, 37
0543, 84
0544, 87
0545, 36
0546, 50
0547, 64
0548, 96
0549, 71
0550, 80
0551, 15
0552, 4
0553, 74
0554, 60
0555, 12
0556, 44
0557, 39
0558, 24
0559, 55
0560, 1
0561, 27
0562, 44
0563, 17
0564, 27
0565, 49
0566, 10
0567, 60
0568, 17
0569, 59
0570, 92
0571, 93
0572, 85
0573, 48
0574, 90
0575, 48
0576, 65
0577, 58
0578, 97
0579, 58
0580, 23
0581, 10
0582, 24
0583, 66
0584, 79
0585, 55
0586, 14
0587, 35
0588, 63
0589, 51
0590, 71
0591, 58
0592, 5
0593, 44
0594, 23
0595, 33
0596, 50
0597, 14
0598, 61
0599, 3
0600, 33
0601, 22
0602, 95
0603, 16
0604, 27
0605, 8
0606, 63
0607, 76
0608, 6
0609, 44
0610, 10
0611, 54
0612, 37
0613, 20
0614, 45
0615, 15
0616, 50
0617, 71
0618, 94
0619, 50
0620, 19
0621, 36
0622, 47
0623, 29
0624, 50
0625, 62
0626, 90
0627, 34
0628, 5
0629, 7
0630, 69
0631, 35
0632, 68
0633, 51
0634, 33
0635, 70
0636, 68
0637, 0
0638, 4
0639, 20
0640, 14
0641, 4
0642, 44
0643, 12
0644, 64
0645, 91
0646, 6
0647, 6
0648, 2
0649, 7
0650, 80
0651, 91
0652, 10
0653, 65
0654, 7
0655, 27
0656, 40
0657, 69
0658, 4
0659, 73
0660, 31
0661, 17
0662, 41
0663, 67
0664, 37
0665, 97
0666, 71
0667, 96
0668, 97
0669, 27
0670, 18
0671, 41
0672, 23
0673, 37
0674, 82
0675, 5
0676, 27
0677, 49
0678, 51
0679, 16
0680, 75
0681, 8
0682, 6
0683, 97
0684, 7
0685, 32
0686, 79
0687, 79
0688, 12
0689, 77
0690, 85
0691, 50
0692, 81
0693, 56
0694, 69
0695, 47
0696, 35
0697, 23
0698, 54
0699, 12
0700, 4
0701, 25
0702, 17
0703, 15
0704, 80
0705, 26
0706, 28
0707, 15
0708, 79
0709, 68
0710, 28
0711, 31
0712, 50
0713, 58
0714, 54
0715, 1
0716, 42
0717, 94
0718, 36
0719, 63
0720, 55
0721, 81
0722, 79
0723, 48
0724, 88
0725, 99
0726, 27
0727, 19
0728, 23
0729, 80
0730, 66
0731, 89
0732, 97
0733, 27
0734, 38
0735, 28
0736, 21
0737, 9
0738, 35
0739, 87
0740, 96
0741, 70
0742, 66
0743, 33
0744, 26
0745, 94
0746, 90
0747, 97
0748, 18
0749, 99
0750, 57
0751, 20
0752, 27
0753, 12
0754, 41
0755, 66
0756, 4
0757, 50
0758, 32
0759, 78
0760, 10
0761, 34
0762, 90
0763, 5
0764, 83
0765, 38
0766, 87
0767, 37
0768, 47
0769, 59
0770, 52
0771, 64
0772, 41
0773, 50
0774, 8
0775, 60
0776, 92
0777, 96
0778, 96
0779, 0
0780, 55
0781, 63
0782, 36
0783, 64
0784, 84
0785, 78
0786, 1
0787, 54
0788, 24
0789, 29
0790, 76
0791, 55
0792, 29
0793, 48
0794, 66
0795, 61
0796, 3
0797, 23
0798, 81
0799, 1
0800, 74
0801, 93
0802, 72
0803, 68
0804, 30
0805, 27
0806, 30
0807, 65
0808, 56
0809, 23
0810, 93
0811, 35
0812, 90
0813, 74
0814, 29
0815, 59
0816, 95
0817, 12
0818, 9
0819, 50
0820, 21
0821, 44
0822, 46
0823, 22
0824, 81
0825, 31
0826, 5
0827, 90
0828, 90
0829, 11
0830, 71
0831, 35
0832, 24
0833, 39
0834, 61
0835, 51
0836, 20
0837, 52
0838, 29
0839, 27
0840, 9
0841, 86
0842, 92
0843, 45
0844, 42
0845, 6
0846, 50
0847, 96
0848, 55
0849, 12
0850, 91
0851, 31
0852, 90
0853, 2
0854, 97
0855, 54
0856, 14
0857, 49
0858, 39
0859, 31
0860, 11
0861, 80
0862, 27
0863, 98
0864, 4
0865, 48
0866, 82
0867, 82
0868, 64
0869, 86
0870, 76
0871, 51
0872, 20
0873, 97
0874, 92
0875, 55
0876, 12
0877, 14
0878, 71
0879, 64
0880, 88
0881, 9
0882, 97
0883, 77
0884, 70
0885, 94
0886, 48
0887, 80
0888, 33
0889, 96
0890, 36
0891, 23
0892, 67
0893, 8
0894, 66
0895, 7
0896, 74
0897, 67
0898, 81
0899, 12
0900, 96
0901, 0
0902, 11
0903, 55
0904, 17
0905, 52
0906, 81
0907, 21
0908, 12
0909, 40
0910, 76
0911, 3
0912, 91
0913, 17
0914, 88
0915, 65
0916, 67
0917, 58
0918, 24
0919, 35
0920, 71
0921, 33
0922, 11
0923, 89
0924, 79
0925, 51
0926, 30
0927, 90
0928, 27
0929, 9
0930, 10
0931, 68
0932, 13
0933, 71
0934, 23
0935, 58
0936, 4
0937, 1
0938, 67
0939, 4
0940, 94
0941, 20
0942, 99
0943, 71
0944, 55
0945, 80
0946, 13
0947, 46
0948, 4
0949, 53
0950, 99
0951, 26
0952, 90
0953, 14
0954, 20
0955, 29
0956, 87
0957, 48
0958, 51
0959, 30
0960, 96
0961, 49
0962, 27
0963, 85
0964, 31
0965, 66
0966, 69
0967, 75
0968, 60
0969, 79
0970, 7
0971, 30
0972, 33
0973, 56
0974, 16
0975, 91
0976, 71
0977, 25
0978, 92
0979, 72
0980, 66
0981, 74
0982, 94
0983, 11
0984, 27
0985, 24
0986, 8
0987, 68
0988, 85
0989, 6
0990, 10
0991, 31
0992, 64
0993, 72
0994, 51
0995, 7
0996, 8
0997, 46
0998, 26
0999, 1
1000, 95
1001, 6
1002, 73
1003, 1
1004, 89
1005, 63
1006, 87
1007, 74
1008, 20
1009, 70
1010, 25
1011, 71
1012, 85
1013, 27
1014, 23
1015, 61
1016, 11
1017, 59
1018, 71
1019, 42
1020, 26
1021, 27
1022, 91
1023, 51
1024, 19
1025, 64
1026, 39
1027, 60
1028, 5
1029, 33
1030, 96
1031, 60
1032, 41
1033, 59
1034, 96
1035, 64
1036, 88
1037, 99
1038, 12
1039, 63
1040, 60
1041, 80
1042, 3
1043, 35
1044, 97
1045, 73
1046, 44
1047, 84
1048, 86
1049, 66
1050, 33
1051, 55
1052, 1
1053, 58
1054, 35
1055, 25
1056, 89
1057, 76
1058, 43
1059, 82
1060, 8
1061, 41
1062, 64
1063, 82
1064, 98
1065, 90
1066, 12
1067, 99
1068, 68
1069, 55
1070, 6
1071, 36
1072, 63
1073, 59
1074, 71
1075, 49
1076, 21
1077, 8
1078, 90
1079, 71
1080, 56
1081, 38
1082, 90
1083, 18
1084, 94
1085, 5
1086, 37
1087, 74
1088, 7
1089, 72
1090, 85
1091, 46
1092, 50
1093, 11
1094, 85
1095, 79
1096, 72
1097, 70
1098, 71
1099, 14
1100, 67
1101, 63
1102, 55
1103, 80
1104, 8
1105, 27
1106, 4
1107, 40
1108, 49
1109, 51
1110, 77
1111, 94
1112, 4
1113, 61
1114, 60
1115, 16
1116, 38
1117, 77
1118, 86
1119, 94
1120, 93
1121, 61
1122, 69
1123, 23
1124, 26
1125, 96
1126, 72
1127, 34
1128, 97
1129, 89
1130, 96
1131, 51
1132, 46
1133, 56
1134, 31
1135, 59
1136, 76
1137, 81
1138, 54
1139, 67
1140, 94
1141, 13
1142, 37
1143, 41
1144, 9
1145, 85
1146, 15
1147, 74
1148, 10
1149, 16
1150, 41
1151, 96
1152, 59
1153, 27
1154, 10
1155, 27
1156, 86
1157, 40
1158, 17
1159, 38
1160, 85
1161, 25
1162, 35
1163, 97
1164, 27
1165, 37
1166, 41
1167, 47
1168, 50
1169, 87
1170, 4
1171, 55
1172, 66
1173, 72
1174, 96
1175, 21
1176, 29
1177, 79
1178, 8
1179, 6
1180, 53
1181, 31
1182, 24
1183, 61
1184, 43
1185, 6
1186, 94
1187, 10
1188, 73
1189, 5
1190, 62
1191, 96
1192, 86
1193, 31
1194, 29
1195, 25
1196, 55
1197, 96
1198, 3
1199, 14
1200, 68
1201, 36
1202, 18
1203, 55
1204, 72
1205, 23
1206, 26
1207, 40
1208, 45
1209, 37
1210, 43
1211, 53
1212, 20
1213, 79
1214, 80
1215, 66
1216, 23
1217, 65
1218, 47
1219, 35
1220, 42
1221, 71
1222, 21
1223, 44
1224, 80
1225, 12
1226, 17
1227, 69
1228, 77
1229, 71
1230, 18
1231, 51
1232, 77
1233, 28
1234, 21
1235, 17
1236, 69
1237, 3
1238, 97
1239, 60
1240, 40
1241, 81
1242, 35
1243, 48
1244, 20
1245, 50
1246, 52
1247, 23
1248, 34
1249, 43
1250, 19
1251, 33
1252, 59
1253, 71
1254, 12
1255, 35
1256, 99
1257, 85
1258, 32
1259, 19
1260, 27
1261, 2
1262, 12
1263, 58
1264, 75
1265, 29
1266, 58
1267, 48
1268, 43
1269, 89
1270, 94
1271, 69
1272, 4
1273, 49
1274, 27
1275, 19
1276, 75
1277, 76
1278, 23
1279, 30
1280, 56
1281, 82
1282, 97
1283, 74
1284, 67
1285, 95
1286, 90
1287, 37
1288, 66
1289, 40
1290, 34
1291, 67
1292, 67
1293, 73
1294, 37
1295, 12
1296, 30
1297, 89
1298, 41
1299, 60
1300, 71
1301, 73
1302, 32
1303, 4
1304, 65
1305, 9
1306, 91
1307, 39
1308, 9
1309, 17
1310, 22
1311, 57
1312, 35
1313, 12
1314, 98
1315, 1
1316, 99
1317, 0
1318, 85
1319, 68
1320, 49
1321, 10
1322, 71
1323, 15
1324, 97
1325, 20
1326, 84
1327, 23
1328, 57
1329, 79
1330, 20
1331, 42
1332, 51
1333, 66
1334, 3
1335, 31
1336, 93
1337, 11
1338, 19
1339, 66
1340, 68
1341, 60
1342, 38
1343, 95
1344, 34
1345, 62
1346, 31
1347, 31
1348, 94
1349, 56
1350, 58
1351, 86
1352, 50
1353, 82
1354, 30
1355, 74
1356, 76
1357, 40
1358, 37
1359, 92
1360, 47
1361, 65
1362, 73
1363, 15
1364, 20
1365, 27
1366, 3
1367, 77
1368, 91
1369, 99
1370, 62
1371, 36
1372, 67
1373, 17
1374, 24
1375, 23
1376, 96
1377, 44
1378, 97
1379, 35
1380, 97
1381, 99
1382, 50
1383, 86
1384, 4
1385, 85
1386, 60
1387, 69
1388, 9
1389, 97
1390, 60
1391, 38
1392, 4
1393, 63
1394, 79
1395, 92
1396, 75
1397, 86
1398, 64
1399, 27
1400, 69
1401, 35
1402, 19
1403, 6
1404, 35
1405, 97
1406, 40
1407, 23
1408, 88
1409, 67
1410, 71
1411, 97
1412, 35
1413, 9
1414, 98
1415, 34
1416, 79
1417, 69
1418, 69
1419, 86
1420, 87
1421, 27
1422, 11
1423, 12
1424, 60
1425, 84
1426, 44
1427, 10
1428, 29
1429, 63
1430, 33
1431, 11
1432, 12
1433, 30
1434, 63
1435, 12
1436, 27
1437, 24
1438, 70
1439, 87
1440, 27
1441, 71
1442, 44
1443, 9
1444, 70
1445, 80
1446, 34
1447, 28
1448, 27
1449, 99
1450, 25
1451, 52
1452, 80
1453, 45
1454, 22
1455, 19
1456, 96
1457, 4
1458, 0
1459, 94
1460, 60
1461, 63
1462, 38
1463, 63
1464, 74
1465, 31
1466, 74
1467, 50
1468, 55
1469, 46
1470, 25
1471, 80
1472, 39
1473, 66
1474, 92
1475, 60
1476, 78
1477, 5
1478, 41
1479, 74
1480, 63
1481, 23
1482, 39
1483, 35
1484, 25
1485, 86
1486, 61
1487, 84
1488, 94
1489, 17
1490, 26
1491, 63
1492, 31
1493, 59
1494, 65
1495, 11
1496, 79
1497, 91
1498, 84
1499, 24
1500, 20
1501, 55
1502, 68
1503, 4
1504, 32
1505, 7
1506, 59
1507, 88
1508, 36
1509, 55
1510, 16
1511, 55
1512, 36
1513, 10
1514, 95
1515, 86
1516, 53
1517, 30
1518, 96
1519, 97
1520, 12
1521, 74
1522, 92
1523, 18
1524, 60
1525, 43
1526, 23
1527, 55
1528, 92
1529, 33
1530, 45
1531, 69
1532, 64
1533, 78
1534, 85
1535, 10
1536, 31
1537, 95
1538, 63
1539, 29
1540, 85
1541, 4
1542, 27
1543, 3
1544, 63
1545, 50
1546, 23
1547, 87
1548, 30
1549, 79
1550, 88
1551, 5
1552, 84
1553, 72
1554, 21
1555, 18
1556, 85
1557, 81
1558, 96
1559, 78
1560, 90
1561, 44
1562, 60
1563, 64
1564, 66
1565, 51
1566, 62
1567, 43
1568, 42
1569, 87
1570, 88
1571, 6
1572, 9
1573, 28
1574, 48
1575, 41
1576, 39
1577, 3
1578, 54
1579, 27
1580, 27
1581, 39
1582, 50
1583, 16
1584, 91
1585, 87
1586, 4
1587, 11
1588, 94
1589, 3
1590, 33
1591, 38
1592, 85
1593, 72
1594, 18
1595, 27
1596, 1
1597, 41
1598, 13
1599, 50
1600, 70
1601, 96
1602, 62
1603, 15
1604, 76
1605, 72
1606, 67
1607, 79
1608, 10
1609, 71
1610, 69
1611, 29
1612, 3
1613, 80
1614, 97
1615, 67
1616, 97
1617, 17
1618, 84
1619, 17
1620, 69
1621, 42
1622, 64
1623, 31
1624, 51
1625, 50
1626, 63
1627, 18
1628, 77
1629, 88
1630, 78
1631, 64
1632, 70
1633, 79
1634, 92
1635, 64
1636, 43
1637, 72
1638, 79
1639, 8
1640, 28
1641, 86
1642, 95
1643, 12
1644, 60
1645, 72
1646, 12
1647, 32
1648, 1
1649, 12
1650, 59
1651, 45
1652, 6
1653, 32
1654, 67
1655, 85
1656, 72
1657, 63
1658, 14
1659, 73
1660, 41
1661, 12
1662, 69
1663, 30
1664, 30
1665, 21
1666, 81
1667, 5
1668, 5
1669, 85
1670, 97
1671, 94
1672, 20
1673, 23
1674, 62
1675, 15
1676, 27
1677, 22
1678, 36
1679, 23
1680, 38
1681, 27
1682, 18
1683, 31
1684, 1
1685, 29
1686, 80
1687, 71
1688, 65
1689, 77
1690, 6
1691, 46
1692, 57
1693, 81
1694, 88
1695, 78
1696, 73
1697, 33
1698, 20
1699, 60
1700, 75
1701, 91
1702, 39
1703, 30
1704, 12
1705, 34
1706, 25
1707, 42
1708, 90
1709, 44
1710, 14
1711, 63
1712, 32
1713, 27
1714, 9
1715, 34
1716, 50
1717, 9
1718, 22
1719, 1
1720, 60
1721, 31
1722, 66
1723, 88
1724, 44
1725, 67
1726, 96
1727, 87
1728, 2
1729, 72
1730, 63
1731, 96
1732, 97
1733, 8
1734, 15
1735, 96
1736, 24
1737, 76
1738, 33
1739, 76
1740, 4
1741, 54
1742, 50
1743, 47
1744, 41
1745, 96
1746, 71
1747, 28
1748, 77
1749, 59
1750, 93
1751, 97
1752, 10
1753, 56
1754, 63
1755, 36
1756, 28
1757, 45
1758, 32
1759, 68
1760, 39
1761, 44
1762, 85
1763, 59
1764, 59
1765, 1
1766, 59
1767, 69
1768, 9
1769, 43
1770, 72
1771, 7
1772, 47
1773, 87
1774, 61
1775, 79
1776, 87
1777, 4
1778, 14
1779, 55
1780, 34
1781, 70
1782, 76
1783, 16
1784, 4
1785, 35
1786, 21
1787, 14
1788, 80
1789, 67
1790, 12
1791, 19
1792, 69
1793, 74
1794, 43
1795, 28
1796, 75
1797, 94
1798, 42
1799, 80
1800, 79
1801, 79
1802, 30
1803, 81
1804, 42
1805, 51
1806, 27
1807, 41
1808, 46
1809, 78
1810, 80
1811, 85
1812, 85
1813, 28
1814, 59
1815, 27
1816, 30
1817, 64
1818, 51
1819, 46
1820, 73
1821, 64
1822, 76
1823, 21
1824, 17
1825, 35
1826, 45
1827, 41
1828, 50
1829, 71
1830, 0
1831, 18
1832, 67
1833, 68
1834, 6
1835, 73
1836, 26
1837, 74
1838, 28
1839, 68
1840, 79
1841, 28
1842, 92
1843, 44
1844, 67
1845, 96
1846, 28
1847, 95
1848, 83
1849, 66
1850, 80
1851, 73
1852, 79
1853, 55
1854, 76
1855, 30
1856, 79
1857, 88
1858, 62
1859, 96
1860, 38
1861, 76
1862, 99
1863, 15
1864, 32
1865, 30
1866, 74
1867, 40
1868, 39
1869, 0
1870, 4
1871, 43
1872, 37
1873, 20
1874, 95
1875, 82
1876, 51
1877, 73
1878, 10
1879, 35
1880, 34
1881, 56
1882, 71
1883, 90
1884, 97
1885, 96
1886, 79
1887, 97
1888, 16
1889, 73
1890, 63
1891, 18
1892, 83
1893, 86
1894, 60
1895, 46
1896, 60
1897, 93
1898, 19
1899, 39
1900, 66
1901, 15
1902, 82
1903, 24
1904, 20
1905, 29
1906, 55
1907, 25
1908, 14
1909, 81
1910, 27
1911, 35
1912, 63
1913, 37
1914, 68
1915, 28
1916, 33
1917, 34
1918, 67
1919, 46
1920, 90
1921, 52
1922, 56
1923, 33
1924, 10
1925, 18
1926, 22
1927, 15
1928, 33
1929, 50
1930, 77
1931, 12
1932, 17
1933, 14
1934, 60
1935, 85
1936, 58
1937, 88
1938, 92
1939, 57
1940, 81
1941, 5
1942, 97
1943, 71
1944, 99
1945, 43
1946, 11
1947, 10
1948, 97
1949, 27
1950, 55
1951, 83
1952, 57
1953, 0
1954, 4
1955, 42
1956, 12
1957, 73
1958, 27
1959, 60
1960, 90
1961, 11
1962, 15
1963, 44
1964, 18
1965, 29
1966, 51
1967, 8
1968, 12
1969, 22
1970, 60
1971, 8
1972, 35
1973, 74
1974, 16
1975, 9
1976, 90
1977, 0
1978, 90
1979, 0
1980, 94
1981, 73
1982, 73
1983, 64
1984, 81
1985, 80
1986, 73
1987, 38
1988, 22
1989, 8
1990, 81
1991, 97
1992, 91
1993, 15
1994, 21
1995, 60
1996, 22
1997, 81
1998, 79
1999, 55
2000, 71
2001, 42
2002, 62
2003, 46
2004, 91
2005, 13
2006, 27
2007, 9
2008, 66
2009, 37
2010, 69
2011, 84
2012, 79
2013, 44
2014, 71
2015, 69
2016, 62
2017, 35
2018, 50
2019, 58
2020, 83
2021, 10
2022, 55
2023, 99
2024, 21
2025, 34
2026, 67
2027, 97
2028, 95
2029, 94
2030, 24
2031, 14
2032, 55
2033, 78
2034, 94
2035, 35
2036, 31
2037, 42
2038, 59
2039, 16
2040, 10
2041, 97
2042, 10
2043, 87
2044, 84
2045, 23
2046, 35
2047, 97
2048, 17
2049, 42
2050, 79
2051, 15
2052, 65
2053, 0
2054, 53
2055, 27
2056, 6
2057, 56
2058, 91
2059, 13
2060, 12
2061, 67
2062, 24
2063, 57
2064, 50
2065, 50
2066, 98
2067, 81
2068, 35
2069, 23
2070, 4
2071, 79
2072, 77
2073, 49
2074, 55
2075, 44
2076, 24
2077, 8
2078, 0
2079, 24
2080, 97
2081, 57
2082, 4
2083, 10
2084, 57
2085, 49
2086, 88
2087, 37
2088, 31
2089, 95
2090, 64
2091, 54
2092, 91
2093, 96
2094, 5
2095, 21
2096, 37
2097, 80
2098, 80
2099, 70
2100, 6
2101, 94
2102, 33
2103, 73
2104, 99
2105, 33
2106, 58
2107, 12
2108, 94
2109, 97
2110, 55
2111, 41
2112, 75
2113, 55
2114, 85
2115, 51
2116, 71
2117, 67
2118, 24
2119, 47
2120, 78
2121, 10
2122, 74
2123, 67
2124, 73
2125, 66
2126, 79
2127, 9
2128, 27
2129, 46
2130, 36
2131, 81
2132, 86
2133, 37
2134, 7
2135, 87
2136, 62
2137, 35
2138, 52
2139, 5
2140, 91
2141, 97
2142, 27
2143, 38
2144, 50
2145, 68
2146, 84
2147, 55
2148, 4
2149, 60
2150, 10
2151, 7
2152, 71
2153, 97
2154, 30
2155, 74
2156, 4
2157, 96
2158, 91
2159, 97
2160, 0
2161, 94
2162, 39
2163, 18
2164, 87
2165, 73
2166, 82
2167, 39
2168, 9
2169, 43
2170, 84
2171, 33
2172, 27
2173, 87
2174, 68
2175, 20
2176, 15
2177, 41
2178, 12
2179, 19
2180, 75
2181, 35
2182, 72
2183, 72
2184, 23
2185, 40
2186, 67
2187, 54
2188, 5
2189, 51
2190, 12
2191, 92
2192, 51
2193, 46
2194, 76
2195, 32
2196, 95
2197, 72
2198, 84
2199, 63
2200, 7
2201, 72
2202, 29
2203, 78
2204, 43
2205, 98
2206, 40
2207, 35
2208, 56
2209, 91
2210, 43
2211, 11
2212, 70
2213, 46
2214, 60
2215, 5
2216, 50
2217, 12
2218, 26
2219, 22
2220, 12
2221, 51
2222, 51
2223, 11
2224, 37
2225, 20
2226, 71
2227, 61
2228, 27
2229, 33
2230, 50
2231, 68
2232, 63
2233, 55
2234, 29
2235, 97
2236, 76
2237, 25
2238, 71
2239, 55
2240, 37
2241, 22
2242, 29
2243, 47
2244, 4
2245, 94
2246, 50
2247, 66
2248, 64
2249, 32
2250, 15
2251, 14
2252, 39
2253, 52
2254, 59
2255, 32
2256, 97
2257, 67
2258, 71
2259, 78
2260, 47
2261, 46
2262, 76
2263, 75
2264, 76
2265, 84
2266, 27
2267, 21
2268, 18
2269, 74
2270, 22
2271, 0
2272, 69
2273, 36
2274, 56
2275, 53
2276, 27
2277, 0
2278, 28
2279, 59
2280, 96
2281, 95
2282, 88
2283, 23
2284, 58
2285, 9
2286, 4
2287, 9
2288, 1
2289, 96
2290, 9
2291, 6
2292, 37
2293, 60
2294, 74
2295, 37
2296, 63
2297, 38
2298, 48
2299, 59
2300, 27
2301, 71
2302, 96
2303, 35
2304, 90
2305, 62
2306, 30
2307, 59
2308, 85
2309, 48
2310, 33
2311, 0
2312, 49
2313, 9
2314, 64
2315, 20
2316, 11
2317, 90
2318, 31
2319, 99
2320, 87
2321, 80
2322, 50
2323, 30
2324, 84
2325, 25
2326, 32
2327, 56
2328, 18
2329, 84
2330, 59
2331, 34
2332, 63
2333, 41
2334, 34
2335, 31
2336, 95
2337, 41
2338, 48
2339, 89
2340, 27
2341, 34
2342, 44
2343, 26
2344, 44
2345, 80
2346, 45
2347, 42
2348, 48
2349, 46
2350, 44
2351, 23
2352, 97
2353, 73
2354, 68
2355, 11
2356, 95
2357, 23
2358, 9
2359, 27
2360, 7
2361, 42
2362, 56
2363, 51
2364, 22
2365, 0
2366, 66
2367, 94
2368, 82
2369, 36
2370, 85
2371, 97
2372, 18
2373, 49
2374, 76
2375, 75
2376, 21
2377, 72
2378, 90
2379, 96
2380, 1
2381, 57
2382, 60
2383, 9
2384, 66
2385, 27
2386, 32
2387, 72
2388, 10
2389, 49
2390, 87
2391, 42
2392, 69
2393, 67
2394, 12
2395, 82
2396, 49
2397, 92
2398, 71
2399, 5
2400, 80
2401, 42
2402, 95
2403, 38
2404, 50
2405, 82
2406, 69
2407, 63
2408, 27
2409, 26
2410, 69
2411, 5
2412, 62
2413, 40
2414, 33
2415, 66
2416, 59
2417, 45
2418, 72
2419, 5
2420, 74
2421, 65
2422, 74
2423, 39
2424, 50
2425, 4
2426, 86
2427, 70
2428, 93
2429, 8
2430, 51
2431, 33
2432, 77
2433, 79
2434, 88
2435, 64
2436, 14
2437, 94
2438, 71
2439, 6
2440, 12
2441, 89
2442, 82
2443, 56
2444, 63
2445, 11
2446, 68
2447, 59
2448, 90
2449, 71
2450, 73
2451, 59
2452, 55
2453, 80
2454, 97
2455, 26
2456, 41
2457, 3
2458, 40
2459, 42
2460, 55
2461, 88
2462, 33
2463, 35
2464, 54
2465, 35
2466, 18
2467, 57
2468, 87
2469, 39
2470, 37
2471, 77
2472, 12
2473, 17
2474, 81
2475, 60
2476, 49
2477, 79
2478, 63
2479, 68
2480, 80
2481, 49
2482, 50
2483, 98
2484, 76
2485, 32
2486, 75
2487, 31
2488, 36
2489, 39
2490, 8
2491, 35
2492, 96
2493, 96
2494, 59
2495, 66
2496, 75
2497, 18
2498, 23
2499, 93
2500, 23
2501, 12
2502, 72
2503, 35
2504, 27
2505, 87
2506, 1
2507, 43
2508, 24
2509, 73
2510, 71
2511, 35
2512, 79
2513, 66
2514, 68
2515, 45
2516, 84
2517, 74
2518, 73
2519, 1
2520, 52
2521, 56
2522, 69
2523, 36
2524, 22
2525, 59
2526, 62
2527, 85
2528, 13
2529, 67
2530, 36
2531, 12
2532, 10
2533, 77
2534, 4
2535, 39
2536, 26
2537, 51
2538, 33
2539, 35
2540, 95
2541, 71
2542, 16
2543, 7
2544, 11
2545, 59
2546, 50
2547, 65
2548, 5
2549, 65
2550, 61
2551, 27
2552, 60
2553, 96
2554, 72
2555, 40
2556, 41
2557, 56
2558, 99
2559, 46
2560, 80
2561, 51
2562, 40
2563, 51
2564, 97
2565, 51
2566, 18
2567, 58
2568, 1
2569, 72
2570, 32
2571, 30
2572, 33
2573, 82
2574, 7
2575, 11
2576, 28
2577, 67
2578, 35
2579, 6
2580, 2
2581, 66
2582, 9
2583, 43
2584, 38
2585, 76
2586, 41
2587, 56
2588, 97
2589, 74
2590, 70
2591, 7
2592, 84
2593, 18
2594, 90
2595, 50
2596, 5
2597, 57
2598, 76
2599, 17
2600, 24
2601, 51
2602, 42
2603, 29
2604, 89
2605, 8
2606, 36
2607, 74
2608, 73
2609, 0
2610, 21
2611, 5
2612, 31
2613, 38
2614, 20
2615, 23
2616, 74
2617, 50
2618, 45
2619, 15
2620, 17
2621, 46
2622, 50
2623, 92
2624, 57
2625, 66
2626, 12
2627, 27
2628, 57
2629, 80
2630, 63
2631, 12
2632, 84
2633, 86
2634, 75
2635, 37
2636, 33
2637, 16
2638, 48
2639, 49
2640, 94
2641, 35
2642, 34
2643, 61
2644, 27
2645, 76
2646, 86
2647, 50
2648, 12
2649, 88
2650, 42
2651, 55
2652, 45
2653, 10
2654, 79
2655, 40
2656, 33
2657, 4
2658, 27
2659, 8
2660, 94
2661, 25
2662, 20
2663, 0
2664, 12
2665, 75
2666, 43
2667, 55
2668, 4
2669, 46
2670, 0
2671, 73
2672, 35
2673, 15
2674, 25
2675, 27
2676, 71
2677, 0
2678, 83
2679, 17
2680, 37
2681, 32
2682, 34
2683, 55
2684, 75
2685, 74
2686, 80
2687, 83
2688, 27
2689, 50
2690, 1
2691, 42
2692, 60
2693, 44
2694, 9
2695, 94
2696, 79
2697, 79
2698, 9
2699, 99
2700, 94
2701, 97
2702, 71
2703, 67
2704, 80
2705, 49
2706, 59
2707, 12
2708, 69
2709, 59
2710, 47
2711, 71
2712, 43
2713, 0
2714, 27
2715, 50
2716, 10
2717, 2
2718, 46
2719, 15
2720, 97
2721, 75
2722, 15
2723, 85
2724, 11
2725, 37
2726, 79
2727, 84
2728, 4
2729, 4
2730, 60
2731, 10
2732, 79
2733, 4
2734, 76
2735, 35
2736, 4
2737, 14
2738, 5
2739, 23
2740, 71
2741, 15
2742, 4
2743, 70
2744, 64
2745, 74
2746, 57
2747, 66
2748, 36
2749, 90
2750, 91
2751, 53
2752, 97
2753, 72
2754, 63
2755, 28
2756, 6
2757, 25
2758, 46
2759, 20
2760, 94
2761, 96
2762, 45
2763, 21
2764, 96
2765, 60
2766, 62
2767, 77
2768, 80
2769, 22
2770, 12
2771, 27
2772, 33
2773, 10
2774, 5
2775, 48
2776, 10
2777, 90
2778, 31
2779, 91
2780, 21
2781, 74
2782, 51
2783, 95
2784, 68
2785, 87
2786, 21
2787, 97
2788, 12
2789, 35
2790, 10
2791, 15
2792, 74
2793, 74
2794, 76
2795, 74
2796, 25
2797, 43
2798, 6
2799, 69
2800, 63
2801, 97
2802, 94
2803, 99
2804, 98
2805, 55
2806, 8
2807, 60
2808, 20
2809, 79
2810, 16
2811, 69
2812, 36
2813, 34
2814, 75
2815, 96
2816, 40
2817, 87
2818, 40
2819, 80
2820, 18
2821, 11
2822, 36
2823, 59
2824, 8
2825, 78
2826, 2
2827, 96
2828, 4
2829, 25
2830, 30
2831, 72
2832, 28
2833, 55
2834, 93
2835, 59
2836, 58
2837, 85
2838, 33
2839, 56
2840, 46
2841, 10
2842, 4
2843, 49
2844, 42
2845, 60
2846, 76
2847, 10
2848, 59
2849, 67
2850, 62
2851, 17
2852, 75
2853, 7
2854, 55
2855, 34
2856, 25
2857, 57
2858, 19
2859, 50
2860, 85
2861, 72
2862, 64
2863, 59
2864, 27
2865, 58
2866, 35
2867, 36
2868, 86
2869, 69
2870, 66
2871, 4
2872, 72
2873, 4
2874, 84
2875, 67
2876, 50
2877, 7
2878, 38
2879, 39
2880, 87
2881, 72
2882, 44
2883, 66
2884, 11
2885, 49
2886, 55
2887, 36
2888, 32
2889, 97
2890, 76
2891, 40
2892, 82
2893, 27
2894, 78
2895, 81
2896, 15
2897, 59
2898, 74
2899, 71
2900, 15
2901, 12
2902, 14
2903, 13
2904, 7
2905, 62
2906, 46
2907, 4
2908, 63
2909, 12
2910, 96
2911, 94
2912, 2
2913, 90
2914, 96
2915, 16
2916, 26
2917, 96
2918, 21
2919, 53
2920, 16
2921, 92
2922, 32
2923, 31
2924, 65
2925, 48
2926, 27
2927, 90
2928, 92
2929, 14
2930, 63
2931, 18
2932, 60
2933, 84
2934, 85
2935, 75
2936, 36
2937, 99
2938, 97
2939, 25
2940, 50
2941, 76
2942, 96
2943, 96
2944, 87
2945, 59
2946, 46
2947, 7
2948, 18
2949, 13
2950, 95
2951, 30
2952, 57
2953, 46
2954, 92
2955, 71
2956, 40
2957, 85
2958, 73
2959, 59
2960, 80
2961, 57
2962, 94
2963, 37
2964, 70
2965, 41
2966, 50
2967, 73
2968, 71
2969, 56
2970, 9
2971, 56
2972, 48
2973, 44
2974, 1
2975, 27
2976, 97
2977, 94
2978, 10
2979, 62
2980, 60
2981, 79
2982, 4
2983, 60
2984, 34
2985, 32
2986, 0
2987, 78
2988, 96
2989, 28
2990, 10
2991, 94
2992, 59
2993, 81
2994, 1
2995, 99
2996, 96
2997, 13
2998, 75
2999, 87
3000, 92
