number, label
0001, 70
0002, 89
0003, 58
0004, 41
0005, 27
0006, 60
0007, 79
0008, 98
0009, 96
0010, 11
0011, 23
0012, 55
0013, 73
0014, 96
0015, 96
0016, 96
0017, 73
0018, 96
0019, 88
0020, 50
0021, 36
0022, 27
0023, 12
0024, 72
0025, 4
0026, 48
0027, 70
0028, 76
0029, 72
0030, 96
0031, 75
0032, 70
0033, 16
0034, 23
0035, 54
0036, 20
0037, 4
0038, 67
0039, 80
0040, 18
0041, 37
0042, 28
0043, 43
0044, 81
0045, 33
0046, 82
0047, 79
0048, 74
0049, 90
0050, 57
0051, 71
0052, 59
0053, 27
0054, 76
0055, 31
0056, 50
0057, 63
0058, 41
0059, 23
0060, 75
0061, 66
0062, 2
0063, 75
0064, 10
0065, 97
0066, 23
0067, 26
0068, 51
0069, 1
0070, 6
0071, 35
0072, 96
0073, 32
0074, 20
0075, 50
0076, 75
0077, 40
0078, 24
0079, 27
0080, 42
0081, 60
0082, 21
0083, 0
0084, 35
0085, 44
0086, 68
0087, 27
0088, 79
0089, 21
0090, 77
0091, 82
0092, 73
0093, 31
0094, 22
0095, 18
0096, 94
0097, 94
0098, 21
0099, 12
0100, 44
0101, 79
0102, 50
0103, 30
0104, 6
0105, 87
0106, 39
0107, 61
0108, 69
0109, 55
0110, 83
0111, 9
0112, 12
0113, 39
0114, 64
0115, 60
0116, 49
0117, 79
0118, 79
0119, 59
0120, 80
0121, 10
0122, 11
0123, 68
0124, 74
0125, 97
0126, 22
0127, 98
0128, 17
0129, 39
0130, 93
0131, 96
0132, 96
0133, 79
0134, 94
0135, 81
0136, 97
0137, 57
0138, 1
0139, 42
0140, 44
0141, 9
0142, 23
0143, 19
0144, 91
0145, 97
0146, 27
0147, 2
0148, 79
0149, 66
0150, 82
0151, 70
0152, 55
0153, 66
0154, 3
0155, 8
0156, 49
0157, 27
0158, 79
0159, 74
0160, 47
0161, 84
0162, 63
0163, 79
0164, 34
0165, 58
0166, 66
0167, 73
0168, 12
0169, 36
0170, 74
0171, 48
0172, 46
0173, 75
0174, 38
0175, 21
0176, 39
0177, 29
0178, 67
0179, 32
0180, 27
0181, 18
0182, 63
0183, 40
0184, 17
0185, 22
0186, 20
0187, 86
0188, 82
0189, 18
0190, 69
0191, 76
0192, 67
0193, 82
0194, 23
0195, 34
0196, 43
0197, 94
0198, 6
0199, 97
0200, 76
0201, 54
0202, 28
0203, 90
0204, 73
0205, 38
0206, 61
0207, 55
0208, 0
0209, 15
0210, 46
0211, 18
0212, 64
0213, 70
0214, 79
0215, 76
0216, 35
0217, 66
0218, 81
0219, 4
0220, 36
0221, 73
0222, 62
0223, 79
0224, 3
0225, 2
0226, 24
0227, 37
0228, 23
0229, 7
0230, 31
0231, 96
0232, 39
0233, 46
0234, 5
0235, 57
0236, 57
0237, 7
0238, 88
0239, 38
0240, 32
0241, 71
0242, 31
0243, 11
0244, 67
0245, 68
0246, 51
0247, 79
0248, 24
0249, 86
0250, 39
0251, 90
0252, 32
0253, 33
0254, 76
0255, 51
0256, 99
0257, 50
0258, 18
0259, 42
0260, 55
0261, 75
0262, 97
0263, 50
0264, 96
0265, 37
0266, 55
0267, 79
0268, 96
0269, 6
0270, 98
0271, 11
0272, 55
0273, 61
0274, 76
0275, 53
0276, 26
0277, 74
0278, 4
0279, 23
0280, 31
0281, 97
0282, 51
0283, 51
0284, 60
0285, 55
0286, 4
0287, 45
0288, 82
0289, 30
0290, 94
0291, 18
0292, 66
0293, 46
0294, 94
0295, 1
0296, 66
0297, 35
0298, 95
0299, 18
0300, 74
0301, 87
0302, 35
0303, 18
0304, 42
0305, 10
0306, 25
0307, 73
0308, 19
0309, 59
0310, 74
0311, 43
0312, 17
0313, 37
0314, 18
0315, 13
0316, 46
0317, 71
0318, 43
0319, 2
0320, 0
0321, 30
0322, 33
0323, 12
0324, 90
0325, 10
0326, 4
0327, 71
0328, 18
0329, 12
0330, 88
0331, 53
0332, 9
0333, 24
0334, 70
0335, 96
0336, 85
0337, 27
0338, 59
0339, 88
0340, 96
0341, 85
0342, 6
0343, 66
0344, 18
0345, 7
0346, 12
0347, 98
0348, 18
0349, 9
0350, 79
0351, 0
0352, 86
0353, 27
0354, 67
0355, 51
0356, 31
0357, 60
0358, 42
0359, 73
0360, 24
0361, 12
0362, 42
0363, 90
0364, 83
0365, 83
0366, 19
0367, 24
0368, 36
0369, 88
0370, 67
0371, 72
0372, 42
0373, 70
0374, 63
0375, 16
0376, 45
0377, 62
0378, 2
0379, 79
0380, 74
0381, 59
0382, 85
0383, 43
0384, 96
0385, 49
0386, 90
0387, 31
0388, 87
0389, 74
0390, 67
0391, 90
0392, 85
0393, 21
0394, 70
0395, 95
0396, 32
0397, 23
0398, 39
0399, 74
0400, 67
0401, 11
0402, 42
0403, 40
0404, 83
0405, 55
0406, 88
0407, 79
0408, 3
0409, 37
0410, 56
0411, 57
0412, 78
0413, 23
0414, 96
0415, 38
0416, 39
0417, 24
0418, 10
0419, 28
0420, 1
0421, 96
0422, 56
0423, 95
0424, 97
0425, 10
0426, 94
0427, 79
0428, 42
0429, 77
0430, 5
0431, 48
0432, 17
0433, 58
0434, 15
0435, 22
0436, 85
0437, 55
0438, 59
0439, 72
0440, 44
0441, 75
0442, 13
0443, 75
0444, 44
0445, 8
0446, 9
0447, 78
0448, 69
0449, 62
0450, 96
0451, 27
0452, 23
0453, 18
0454, 21
0455, 23
0456, 16
0457, 66
0458, 90
0459, 59
0460, 79
0461, 33
0462, 33
0463, 30
0464, 4
0465, 77
0466, 23
0467, 60
0468, 78
0469, 37
0470, 58
0471, 38
0472, 27
0473, 92
0474, 31
0475, 36
0476, 85
0477, 55
0478, 79
0479, 75
0480, 14
0481, 28
0482, 38
0483, 35
0484, 97
0485, 46
0486, 5
0487, 78
0488, 75
0489, 18
0490, 63
0491, 60
0492, 74
0493, 42
0494, 18
0495, 53
0496, 40
0497, 38
0498, 93
0499, 32
0500, 83
0501, 76
0502, 37
0503, 82
0504, 55
0505, 35
0506, 70
0507, 48
0508, 31
0509, 3
0510, 22
0511, 3
0512, 51
0513, 79
0514, 23
0515, 16
0516, 59
0517, 81
0518, 70
0519, 2
0520, 95
0521, 33
0522, 4
0523, 55
0524, 55
0525, 56
0526, 14
0527, 42
0528, 96
0529, 80
0530, 94
0531, 72
0532, 5
0533, 24
0534, 27
0535, 27
0536, 38
0537, 41
0538, 55
0539, 69
0540, 18
0541, 96
0542, 17
0543, 84
0544, 87
0545, 36
0546, 50
0547, 64
0548, 59
0549, 71
0550, 18
0551, 15
0552, 79
0553, 74
0554, 60
0555, 84
0556, 44
0557, 39
0558, 24
0559, 55
0560, 1
0561, 42
0562, 78
0563, 17
0564, 27
0565, 23
0566, 45
0567, 60
0568, 17
0569, 56
0570, 92
0571, 67
0572, 85
0573, 48
0574, 18
0575, 66
0576, 65
0577, 12
0578, 97
0579, 58
0580, 23
0581, 26
0582, 24
0583, 66
0584, 79
0585, 23
0586, 18
0587, 35
0588, 63
0589, 51
0590, 71
0591, 58
0592, 5
0593, 78
0594, 23
0595, 88
0596, 72
0597, 18
0598, 22
0599, 3
0600, 96
0601, 22
0602, 95
0603, 16
0604, 27
0605, 8
0606, 63
0607, 76
0608, 6
0609, 79
0610, 16
0611, 54
0612, 17
0613, 20
0614, 18
0615, 15
0616, 50
0617, 23
0618, 4
0619, 64
0620, 19
0621, 36
0622, 96
0623, 50
0624, 35
0625, 62
0626, 76
0627, 34
0628, 5
0629, 7
0630, 69
0631, 11
0632, 12
0633, 51
0634, 59
0635, 70
0636, 68
0637, 0
0638, 32
0639, 45
0640, 95
0641, 31
0642, 18
0643, 12
0644, 64
0645, 91
0646, 6
0647, 6
0648, 2
0649, 7
0650, 27
0651, 91
0652, 83
0653, 65
0654, 7
0655, 27
0656, 40
0657, 76
0658, 18
0659, 73
0660, 31
0661, 17
0662, 89
0663, 10
0664, 94
0665, 71
0666, 71
0667, 96
0668, 97
0669, 10
0670, 18
0671, 41
0672, 23
0673, 37
0674, 82
0675, 84
0676, 27
0677, 49
0678, 51
0679, 16
0680, 75
0681, 8
0682, 62
0683, 66
0684, 7
0685, 32
0686, 79
0687, 79
0688, 37
0689, 23
0690, 85
0691, 50
0692, 81
0693, 56
0694, 9
0695, 47
0696, 35
0697, 23
0698, 54
0699, 12
0700, 67
0701, 5
0702, 17
0703, 98
0704, 66
0705, 26
0706, 28
0707, 15
0708, 18
0709, 59
0710, 28
0711, 31
0712, 74
0713, 58
0714, 18
0715, 1
0716, 42
0717, 94
0718, 35
0719, 51
0720, 18
0721, 81
0722, 79
0723, 48
0724, 18
0725, 78
0726, 3
0727, 79
0728, 23
0729, 42
0730, 50
0731, 89
0732, 79
0733, 27
0734, 27
0735, 28
0736, 21
0737, 31
0738, 35
0739, 94
0740, 96
0741, 70
0742, 66
0743, 33
0744, 26
0745, 33
0746, 90
0747, 97
0748, 18
0749, 72
0750, 57
0751, 20
0752, 14
0753, 12
0754, 41
0755, 66
0756, 55
0757, 50
0758, 39
0759, 42
0760, 32
0761, 6
0762, 90
0763, 5
0764, 70
0765, 65
0766, 87
0767, 68
0768, 96
0769, 59
0770, 59
0771, 64
0772, 41
0773, 50
0774, 8
0775, 60
0776, 54
0777, 96
0778, 96
0779, 0
0780, 73
0781, 59
0782, 57
0783, 64
0784, 44
0785, 72
0786, 70
0787, 54
0788, 7
0789, 29
0790, 76
0791, 55
0792, 88
0793, 88
0794, 66
0795, 10
0796, 3
0797, 23
0798, 81
0799, 1
0800, 21
0801, 73
0802, 78
0803, 23
0804, 30
0805, 75
0806, 23
0807, 4
0808, 56
0809, 23
0810, 22
0811, 35
0812, 90
0813, 74
0814, 29
0815, 96
0816, 95
0817, 63
0818, 9
0819, 72
0820, 55
0821, 44
0822, 40
0823, 22
0824, 12
0825, 79
0826, 79
0827, 37
0828, 90
0829, 35
0830, 71
0831, 46
0832, 72
0833, 39
0834, 53
0835, 51
0836, 20
0837, 52
0838, 4
0839, 23
0840, 9
0841, 86
0842, 54
0843, 45
0844, 42
0845, 6
0846, 66
0847, 96
0848, 55
0849, 81
0850, 91
0851, 31
0852, 90
0853, 72
0854, 74
0855, 54
0856, 18
0857, 49
0858, 39
0859, 38
0860, 72
0861, 51
0862, 6
0863, 35
0864, 55
0865, 89
0866, 82
0867, 82
0868, 64
0869, 86
0870, 76
0871, 51
0872, 20
0873, 66
0874, 18
0875, 72
0876, 60
0877, 75
0878, 71
0879, 74
0880, 6
0881, 9
0882, 66
0883, 77
0884, 70
0885, 94
0886, 48
0887, 67
0888, 96
0889, 96
0890, 36
0891, 23
0892, 67
0893, 8
0894, 66
0895, 7
0896, 74
0897, 67
0898, 81
0899, 12
0900, 96
0901, 26
0902, 27
0903, 79
0904, 66
0905, 96
0906, 81
0907, 21
0908, 12
0909, 45
0910, 76
0911, 66
0912, 91
0913, 17
0914, 88
0915, 65
0916, 67
0917, 94
0918, 24
0919, 35
0920, 73
0921, 33
0922, 35
0923, 76
0924, 79
0925, 51
0926, 30
0927, 90
0928, 79
0929, 9
0930, 10
0931, 68
0932, 81
0933, 18
0934, 23
0935, 58
0936, 43
0937, 1
0938, 49
0939, 55
0940, 86
0941, 20
0942, 99
0943, 71
0944, 75
0945, 80
0946, 13
0947, 31
0948, 79
0949, 36
0950, 21
0951, 26
0952, 90
0953, 14
0954, 20
0955, 18
0956, 87
0957, 75
0958, 0
0959, 30
0960, 96
0961, 59
0962, 15
0963, 12
0964, 55
0965, 66
0966, 69
0967, 75
0968, 60
0969, 79
0970, 7
0971, 30
0972, 12
0973, 56
0974, 16
0975, 73
0976, 71
0977, 94
0978, 92
0979, 72
0980, 63
0981, 74
0982, 94
0983, 35
0984, 27
0985, 24
0986, 8
0987, 68
0988, 69
0989, 35
0990, 10
0991, 94
0992, 66
0993, 9
0994, 92
0995, 7
0996, 88
0997, 88
0998, 26
0999, 18
1000, 95
1001, 6
1002, 73
1003, 79
1004, 89
1005, 74
1006, 87
1007, 74
1008, 20
1009, 82
1010, 25
1011, 71
1012, 85
1013, 44
1014, 23
1015, 61
1016, 11
1017, 76
1018, 23
1019, 59
1020, 26
1021, 38
1022, 91
1023, 18
1024, 19
1025, 64
1026, 79
1027, 60
1028, 5
1029, 33
1030, 96
1031, 60
1032, 41
1033, 59
1034, 63
1035, 64
1036, 88
1037, 78
1038, 37
1039, 63
1040, 24
1041, 36
1042, 6
1043, 35
1044, 4
1045, 73
1046, 44
1047, 7
1048, 86
1049, 66
1050, 59
1051, 72
1052, 81
1053, 58
1054, 35
1055, 94
1056, 58
1057, 76
1058, 96
1059, 82
1060, 8
1061, 41
1062, 64
1063, 82
1064, 98
1065, 90
1066, 81
1067, 76
1068, 68
1069, 55
1070, 79
1071, 36
1072, 88
1073, 96
1074, 71
1075, 66
1076, 27
1077, 8
1078, 90
1079, 60
1080, 56
1081, 38
1082, 90
1083, 18
1084, 94
1085, 5
1086, 37
1087, 66
1088, 7
1089, 21
1090, 85
1091, 42
1092, 50
1093, 35
1094, 24
1095, 79
1096, 76
1097, 62
1098, 49
1099, 18
1100, 54
1101, 74
1102, 63
1103, 27
1104, 8
1105, 59
1106, 55
1107, 40
1108, 59
1109, 27
1110, 79
1111, 94
1112, 74
1113, 61
1114, 60
1115, 16
1116, 15
1117, 77
1118, 22
1119, 94
1120, 78
1121, 61
1122, 69
1123, 23
1124, 26
1125, 96
1126, 85
1127, 92
1128, 97
1129, 37
1130, 33
1131, 51
1132, 46
1133, 56
1134, 31
1135, 96
1136, 76
1137, 81
1138, 54
1139, 67
1140, 87
1141, 13
1142, 88
1143, 6
1144, 39
1145, 85
1146, 15
1147, 67
1148, 83
1149, 16
1150, 41
1151, 56
1152, 96
1153, 85
1154, 50
1155, 4
1156, 86
1157, 35
1158, 77
1159, 38
1160, 85
1161, 25
1162, 97
1163, 97
1164, 55
1165, 66
1166, 70
1167, 59
1168, 97
1169, 87
1170, 4
1171, 21
1172, 26
1173, 27
1174, 96
1175, 21
1176, 26
1177, 79
1178, 8
1179, 6
1180, 53
1181, 31
1182, 24
1183, 10
1184, 43
1185, 6
1186, 94
1187, 4
1188, 37
1189, 94
1190, 62
1191, 96
1192, 86
1193, 15
1194, 29
1195, 25
1196, 23
1197, 96
1198, 3
1199, 14
1200, 68
1201, 36
1202, 18
1203, 55
1204, 4
1205, 23
1206, 97
1207, 40
1208, 11
1209, 94
1210, 43
1211, 53
1212, 41
1213, 79
1214, 55
1215, 37
1216, 23
1217, 78
1218, 96
1219, 35
1220, 42
1221, 71
1222, 21
1223, 44
1224, 27
1225, 12
1226, 12
1227, 69
1228, 88
1229, 23
1230, 18
1231, 51
1232, 88
1233, 18
1234, 21
1235, 17
1236, 94
1237, 87
1238, 97
1239, 23
1240, 76
1241, 90
1242, 35
1243, 48
1244, 20
1245, 50
1246, 96
1247, 23
1248, 27
1249, 43
1250, 17
1251, 33
1252, 59
1253, 95
1254, 12
1255, 98
1256, 99
1257, 31
1258, 32
1259, 19
1260, 27
1261, 35
1262, 12
1263, 58
1264, 75
1265, 44
1266, 90
1267, 48
1268, 15
1269, 59
1270, 94
1271, 69
1272, 24
1273, 27
1274, 35
1275, 19
1276, 75
1277, 76
1278, 23
1279, 30
1280, 26
1281, 82
1282, 44
1283, 74
1284, 4
1285, 95
1286, 90
1287, 35
1288, 66
1289, 69
1290, 79
1291, 36
1292, 67
1293, 30
1294, 28
1295, 12
1296, 97
1297, 90
1298, 41
1299, 60
1300, 23
1301, 73
1302, 32
1303, 74
1304, 65
1305, 9
1306, 18
1307, 81
1308, 9
1309, 17
1310, 22
1311, 57
1312, 88
1313, 12
1314, 35
1315, 1
1316, 99
1317, 0
1318, 85
1319, 76
1320, 49
1321, 10
1322, 71
1323, 72
1324, 97
1325, 94
1326, 94
1327, 23
1328, 57
1329, 79
1330, 18
1331, 42
1332, 51
1333, 66
1334, 63
1335, 31
1336, 93
1337, 23
1338, 19
1339, 66
1340, 68
1341, 60
1342, 38
1343, 69
1344, 34
1345, 62
1346, 31
1347, 31
1348, 86
1349, 56
1350, 85
1351, 86
1352, 38
1353, 56
1354, 30
1355, 66
1356, 76
1357, 1
1358, 37
1359, 70
1360, 96
1361, 38
1362, 27
1363, 15
1364, 25
1365, 42
1366, 97
1367, 42
1368, 91
1369, 44
1370, 83
1371, 61
1372, 27
1373, 17
1374, 24
1375, 23
1376, 96
1377, 77
1378, 97
1379, 35
1380, 97
1381, 99
1382, 50
1383, 85
1384, 4
1385, 85
1386, 60
1387, 69
1388, 9
1389, 97
1390, 60
1391, 38
1392, 34
1393, 85
1394, 24
1395, 96
1396, 75
1397, 86
1398, 64
1399, 27
1400, 40
1401, 98
1402, 19
1403, 6
1404, 35
1405, 97
1406, 40
1407, 23
1408, 61
1409, 67
1410, 23
1411, 55
1412, 11
1413, 9
1414, 35
1415, 34
1416, 18
1417, 69
1418, 69
1419, 86
1420, 87
1421, 98
1422, 35
1423, 37
1424, 60
1425, 84
1426, 18
1427, 10
1428, 29
1429, 18
1430, 33
1431, 27
1432, 18
1433, 30
1434, 63
1435, 12
1436, 75
1437, 24
1438, 62
1439, 87
1440, 27
1441, 71
1442, 27
1443, 38
1444, 70
1445, 79
1446, 78
1447, 28
1448, 45
1449, 78
1450, 25
1451, 96
1452, 92
1453, 83
1454, 22
1455, 19
1456, 96
1457, 26
1458, 0
1459, 94
1460, 82
1461, 63
1462, 38
1463, 63
1464, 74
1465, 23
1466, 78
1467, 11
1468, 55
1469, 46
1470, 25
1471, 88
1472, 39
1473, 66
1474, 92
1475, 38
1476, 18
1477, 5
1478, 41
1479, 44
1480, 18
1481, 23
1482, 39
1483, 35
1484, 94
1485, 12
1486, 22
1487, 84
1488, 84
1489, 59
1490, 26
1491, 63
1492, 79
1493, 97
1494, 65
1495, 11
1496, 79
1497, 91
1498, 84
1499, 24
1500, 5
1501, 74
1502, 68
1503, 6
1504, 32
1505, 7
1506, 96
1507, 88
1508, 96
1509, 97
1510, 16
1511, 44
1512, 36
1513, 10
1514, 95
1515, 86
1516, 53
1517, 30
1518, 4
1519, 80
1520, 12
1521, 74
1522, 92
1523, 18
1524, 76
1525, 43
1526, 23
1527, 55
1528, 92
1529, 33
1530, 45
1531, 69
1532, 64
1533, 75
1534, 59
1535, 10
1536, 31
1537, 95
1538, 63
1539, 29
1540, 15
1541, 4
1542, 18
1543, 72
1544, 27
1545, 67
1546, 23
1547, 87
1548, 30
1549, 79
1550, 88
1551, 90
1552, 84
1553, 35
1554, 21
1555, 18
1556, 12
1557, 87
1558, 96
1559, 99
1560, 90
1561, 18
1562, 60
1563, 64
1564, 79
1565, 79
1566, 70
1567, 32
1568, 88
1569, 87
1570, 88
1571, 18
1572, 9
1573, 28
1574, 48
1575, 41
1576, 94
1577, 66
1578, 23
1579, 27
1580, 72
1581, 39
1582, 50
1583, 16
1584, 91
1585, 87
1586, 10
1587, 11
1588, 98
1589, 31
1590, 1
1591, 38
1592, 85
1593, 32
1594, 18
1595, 67
1596, 1
1597, 41
1598, 13
1599, 4
1600, 70
1601, 96
1602, 62
1603, 86
1604, 76
1605, 34
1606, 95
1607, 79
1608, 61
1609, 71
1610, 89
1611, 29
1612, 3
1613, 79
1614, 42
1615, 79
1616, 66
1617, 17
1618, 84
1619, 12
1620, 69
1621, 66
1622, 66
1623, 18
1624, 51
1625, 72
1626, 10
1627, 18
1628, 0
1629, 39
1630, 78
1631, 50
1632, 70
1633, 79
1634, 45
1635, 51
1636, 43
1637, 72
1638, 79
1639, 8
1640, 28
1641, 94
1642, 95
1643, 12
1644, 60
1645, 66
1646, 94
1647, 1
1648, 65
1649, 12
1650, 56
1651, 56
1652, 12
1653, 1
1654, 67
1655, 85
1656, 50
1657, 26
1658, 14
1659, 91
1660, 41
1661, 22
1662, 79
1663, 95
1664, 18
1665, 21
1666, 81
1667, 5
1668, 5
1669, 85
1670, 97
1671, 87
1672, 20
1673, 23
1674, 62
1675, 55
1676, 73
1677, 69
1678, 36
1679, 35
1680, 38
1681, 80
1682, 18
1683, 23
1684, 1
1685, 85
1686, 15
1687, 23
1688, 65
1689, 57
1690, 42
1691, 35
1692, 57
1693, 81
1694, 88
1695, 91
1696, 23
1697, 74
1698, 25
1699, 60
1700, 75
1701, 91
1702, 39
1703, 73
1704, 44
1705, 88
1706, 37
1707, 42
1708, 90
1709, 26
1710, 24
1711, 63
1712, 32
1713, 42
1714, 9
1715, 34
1716, 64
1717, 9
1718, 22
1719, 1
1720, 60
1721, 79
1722, 66
1723, 88
1724, 44
1725, 32
1726, 49
1727, 87
1728, 32
1729, 44
1730, 55
1731, 96
1732, 97
1733, 8
1734, 85
1735, 96
1736, 43
1737, 76
1738, 12
1739, 76
1740, 4
1741, 54
1742, 50
1743, 47
1744, 18
1745, 23
1746, 71
1747, 28
1748, 79
1749, 78
1750, 10
1751, 97
1752, 10
1753, 56
1754, 63
1755, 36
1756, 28
1757, 45
1758, 32
1759, 68
1760, 92
1761, 18
1762, 85
1763, 66
1764, 59
1765, 1
1766, 59
1767, 69
1768, 24
1769, 43
1770, 4
1771, 7
1772, 96
1773, 87
1774, 22
1775, 79
1776, 87
1777, 1
1778, 14
1779, 55
1780, 88
1781, 70
1782, 76
1783, 16
1784, 51
1785, 35
1786, 21
1787, 14
1788, 55
1789, 18
1790, 59
1791, 19
1792, 69
1793, 67
1794, 43
1795, 28
1796, 75
1797, 94
1798, 42
1799, 4
1800, 95
1801, 79
1802, 30
1803, 81
1804, 42
1805, 51
1806, 84
1807, 18
1808, 35
1809, 78
1810, 35
1811, 37
1812, 85
1813, 84
1814, 59
1815, 55
1816, 30
1817, 64
1818, 53
1819, 31
1820, 69
1821, 64
1822, 76
1823, 21
1824, 17
1825, 35
1826, 6
1827, 41
1828, 50
1829, 71
1830, 0
1831, 18
1832, 79
1833, 68
1834, 79
1835, 76
1836, 26
1837, 74
1838, 28
1839, 68
1840, 79
1841, 54
1842, 62
1843, 76
1844, 90
1845, 96
1846, 28
1847, 30
1848, 83
1849, 3
1850, 57
1851, 30
1852, 79
1853, 55
1854, 76
1855, 30
1856, 79
1857, 18
1858, 53
1859, 59
1860, 24
1861, 76
1862, 99
1863, 15
1864, 64
1865, 30
1866, 4
1867, 76
1868, 39
1869, 0
1870, 70
1871, 43
1872, 37
1873, 20
1874, 95
1875, 82
1876, 51
1877, 73
1878, 61
1879, 35
1880, 29
1881, 56
1882, 71
1883, 90
1884, 6
1885, 96
1886, 79
1887, 97
1888, 9
1889, 73
1890, 63
1891, 79
1892, 83
1893, 86
1894, 60
1895, 46
1896, 60
1897, 78
1898, 19
1899, 39
1900, 32
1901, 88
1902, 82
1903, 24
1904, 20
1905, 29
1906, 55
1907, 25
1908, 14
1909, 81
1910, 27
1911, 16
1912, 96
1913, 37
1914, 68
1915, 28
1916, 88
1917, 54
1918, 79
1919, 46
1920, 90
1921, 52
1922, 56
1923, 33
1924, 72
1925, 91
1926, 22
1927, 15
1928, 49
1929, 74
1930, 72
1931, 12
1932, 81
1933, 14
1934, 60
1935, 25
1936, 58
1937, 88
1938, 92
1939, 0
1940, 81
1941, 5
1942, 97
1943, 71
1944, 99
1945, 26
1946, 35
1947, 22
1948, 97
1949, 85
1950, 45
1951, 83
1952, 57
1953, 0
1954, 72
1955, 42
1956, 31
1957, 73
1958, 27
1959, 60
1960, 90
1961, 94
1962, 15
1963, 76
1964, 18
1965, 18
1966, 0
1967, 12
1968, 12
1969, 22
1970, 60
1971, 8
1972, 35
1973, 74
1974, 83
1975, 9
1976, 90
1977, 53
1978, 90
1979, 0
1980, 94
1981, 73
1982, 73
1983, 79
1984, 90
1985, 50
1986, 73
1987, 43
1988, 22
1989, 97
1990, 81
1991, 34
1992, 91
1993, 97
1994, 21
1995, 71
1996, 61
1997, 81
1998, 6
1999, 55
2000, 71
2001, 44
2002, 6
2003, 46
2004, 44
2005, 81
2006, 27
2007, 9
2008, 63
2009, 18
2010, 69
2011, 87
2012, 79
2013, 79
2014, 71
2015, 74
2016, 62
2017, 35
2018, 50
2019, 18
2020, 83
2021, 10
2022, 55
2023, 18
2024, 21
2025, 50
2026, 32
2027, 97
2028, 95
2029, 44
2030, 79
2031, 14
2032, 4
2033, 42
2034, 37
2035, 2
2036, 3
2037, 42
2038, 96
2039, 33
2040, 10
2041, 97
2042, 10
2043, 87
2044, 45
2045, 23
2046, 11
2047, 97
2048, 17
2049, 42
2050, 79
2051, 25
2052, 73
2053, 57
2054, 53
2055, 27
2056, 6
2057, 56
2058, 91
2059, 30
2060, 37
2061, 67
2062, 24
2063, 57
2064, 50
2065, 50
2066, 26
2067, 81
2068, 32
2069, 23
2070, 72
2071, 79
2072, 18
2073, 17
2074, 55
2075, 44
2076, 24
2077, 8
2078, 0
2079, 18
2080, 97
2081, 57
2082, 77
2083, 36
2084, 57
2085, 49
2086, 88
2087, 17
2088, 31
2089, 95
2090, 64
2091, 54
2092, 91
2093, 96
2094, 5
2095, 55
2096, 59
2097, 27
2098, 96
2099, 70
2100, 6
2101, 94
2102, 23
2103, 73
2104, 99
2105, 33
2106, 58
2107, 37
2108, 94
2109, 97
2110, 79
2111, 41
2112, 75
2113, 4
2114, 59
2115, 18
2116, 71
2117, 67
2118, 24
2119, 59
2120, 21
2121, 10
2122, 74
2123, 32
2124, 73
2125, 66
2126, 79
2127, 9
2128, 30
2129, 46
2130, 98
2131, 81
2132, 86
2133, 37
2134, 24
2135, 87
2136, 62
2137, 35
2138, 52
2139, 5
2140, 91
2141, 64
2142, 79
2143, 19
2144, 63
2145, 68
2146, 59
2147, 55
2148, 12
2149, 60
2150, 32
2151, 7
2152, 71
2153, 43
2154, 30
2155, 50
2156, 32
2157, 18
2158, 91
2159, 97
2160, 0
2161, 94
2162, 39
2163, 18
2164, 87
2165, 73
2166, 62
2167, 39
2168, 9
2169, 43
2170, 94
2171, 31
2172, 55
2173, 46
2174, 59
2175, 20
2176, 15
2177, 41
2178, 18
2179, 19
2180, 75
2181, 35
2182, 46
2183, 95
2184, 23
2185, 40
2186, 67
2187, 54
2188, 5
2189, 51
2190, 68
2191, 92
2192, 70
2193, 79
2194, 76
2195, 32
2196, 27
2197, 72
2198, 94
2199, 9
2200, 7
2201, 17
2202, 29
2203, 79
2204, 35
2205, 46
2206, 40
2207, 88
2208, 18
2209, 18
2210, 43
2211, 11
2212, 70
2213, 46
2214, 60
2215, 5
2216, 50
2217, 37
2218, 26
2219, 22
2220, 12
2221, 31
2222, 51
2223, 97
2224, 17
2225, 84
2226, 79
2227, 10
2228, 4
2229, 94
2230, 24
2231, 68
2232, 36
2233, 66
2234, 29
2235, 23
2236, 76
2237, 63
2238, 23
2239, 55
2240, 37
2241, 65
2242, 29
2243, 69
2244, 4
2245, 94
2246, 50
2247, 66
2248, 64
2249, 32
2250, 19
2251, 4
2252, 39
2253, 52
2254, 52
2255, 32
2256, 42
2257, 67
2258, 71
2259, 78
2260, 47
2261, 55
2262, 76
2263, 74
2264, 76
2265, 84
2266, 58
2267, 21
2268, 4
2269, 18
2270, 22
2271, 0
2272, 69
2273, 36
2274, 56
2275, 53
2276, 27
2277, 0
2278, 28
2279, 97
2280, 59
2281, 95
2282, 88
2283, 23
2284, 58
2285, 69
2286, 74
2287, 9
2288, 1
2289, 96
2290, 9
2291, 79
2292, 37
2293, 23
2294, 32
2295, 37
2296, 63
2297, 65
2298, 18
2299, 59
2300, 79
2301, 79
2302, 96
2303, 4
2304, 90
2305, 62
2306, 30
2307, 27
2308, 85
2309, 88
2310, 39
2311, 83
2312, 49
2313, 9
2314, 63
2315, 5
2316, 35
2317, 72
2318, 37
2319, 99
2320, 87
2321, 63
2322, 78
2323, 30
2324, 84
2325, 25
2326, 32
2327, 56
2328, 9
2329, 94
2330, 96
2331, 15
2332, 18
2333, 41
2334, 42
2335, 27
2336, 95
2337, 41
2338, 66
2339, 89
2340, 27
2341, 34
2342, 78
2343, 79
2344, 44
2345, 80
2346, 45
2347, 42
2348, 48
2349, 5
2350, 18
2351, 23
2352, 97
2353, 73
2354, 68
2355, 35
2356, 95
2357, 23
2358, 9
2359, 74
2360, 7
2361, 21
2362, 56
2363, 51
2364, 99
2365, 57
2366, 66
2367, 94
2368, 82
2369, 36
2370, 23
2371, 97
2372, 18
2373, 49
2374, 76
2375, 75
2376, 21
2377, 26
2378, 52
2379, 96
2380, 1
2381, 57
2382, 49
2383, 9
2384, 66
2385, 4
2386, 32
2387, 19
2388, 22
2389, 49
2390, 87
2391, 42
2392, 69
2393, 67
2394, 12
2395, 82
2396, 49
2397, 26
2398, 31
2399, 31
2400, 74
2401, 88
2402, 95
2403, 74
2404, 36
2405, 82
2406, 69
2407, 63
2408, 18
2409, 26
2410, 69
2411, 5
2412, 1
2413, 18
2414, 33
2415, 74
2416, 59
2417, 79
2418, 27
2419, 5
2420, 74
2421, 65
2422, 18
2423, 65
2424, 74
2425, 56
2426, 86
2427, 70
2428, 76
2429, 8
2430, 40
2431, 33
2432, 16
2433, 44
2434, 88
2435, 11
2436, 45
2437, 94
2438, 94
2439, 79
2440, 23
2441, 89
2442, 82
2443, 56
2444, 66
2445, 46
2446, 68
2447, 59
2448, 87
2449, 16
2450, 73
2451, 96
2452, 55
2453, 80
2454, 97
2455, 79
2456, 41
2457, 55
2458, 40
2459, 96
2460, 2
2461, 88
2462, 31
2463, 35
2464, 54
2465, 18
2466, 18
2467, 83
2468, 71
2469, 23
2470, 37
2471, 77
2472, 12
2473, 17
2474, 81
2475, 60
2476, 30
2477, 79
2478, 44
2479, 68
2480, 80
2481, 23
2482, 55
2483, 46
2484, 76
2485, 32
2486, 75
2487, 79
2488, 32
2489, 36
2490, 37
2491, 93
2492, 96
2493, 96
2494, 96
2495, 66
2496, 75
2497, 18
2498, 23
2499, 93
2500, 28
2501, 12
2502, 51
2503, 35
2504, 27
2505, 87
2506, 32
2507, 42
2508, 18
2509, 73
2510, 71
2511, 11
2512, 79
2513, 66
2514, 68
2515, 45
2516, 84
2517, 55
2518, 67
2519, 1
2520, 52
2521, 56
2522, 69
2523, 36
2524, 61
2525, 59
2526, 62
2527, 85
2528, 13
2529, 67
2530, 36
2531, 18
2532, 54
2533, 79
2534, 43
2535, 39
2536, 26
2537, 18
2538, 31
2539, 35
2540, 95
2541, 60
2542, 16
2543, 14
2544, 11
2545, 59
2546, 6
2547, 66
2548, 87
2549, 65
2550, 61
2551, 72
2552, 60
2553, 88
2554, 65
2555, 84
2556, 41
2557, 56
2558, 99
2559, 46
2560, 31
2561, 51
2562, 40
2563, 51
2564, 50
2565, 44
2566, 79
2567, 25
2568, 9
2569, 72
2570, 62
2571, 30
2572, 53
2573, 82
2574, 7
2575, 11
2576, 9
2577, 67
2578, 77
2579, 59
2580, 35
2581, 66
2582, 9
2583, 43
2584, 38
2585, 76
2586, 41
2587, 56
2588, 97
2589, 24
2590, 70
2591, 7
2592, 84
2593, 18
2594, 69
2595, 4
2596, 87
2597, 57
2598, 76
2599, 23
2600, 24
2601, 35
2602, 42
2603, 29
2604, 85
2605, 8
2606, 36
2607, 49
2608, 73
2609, 53
2610, 21
2611, 79
2612, 31
2613, 38
2614, 20
2615, 23
2616, 24
2617, 96
2618, 45
2619, 15
2620, 17
2621, 46
2622, 84
2623, 83
2624, 53
2625, 42
2626, 76
2627, 27
2628, 2
2629, 4
2630, 63
2631, 12
2632, 84
2633, 86
2634, 75
2635, 17
2636, 33
2637, 16
2638, 48
2639, 49
2640, 94
2641, 35
2642, 88
2643, 61
2644, 17
2645, 76
2646, 94
2647, 32
2648, 12
2649, 88
2650, 42
2651, 50
2652, 45
2653, 18
2654, 79
2655, 40
2656, 96
2657, 4
2658, 27
2659, 12
2660, 94
2661, 94
2662, 20
2663, 0
2664, 87
2665, 75
2666, 43
2667, 55
2668, 4
2669, 46
2670, 0
2671, 73
2672, 35
2673, 35
2674, 94
2675, 27
2676, 71
2677, 0
2678, 83
2679, 17
2680, 37
2681, 32
2682, 34
2683, 79
2684, 75
2685, 23
2686, 36
2687, 70
2688, 98
2689, 64
2690, 1
2691, 14
2692, 18
2693, 18
2694, 9
2695, 94
2696, 79
2697, 79
2698, 16
2699, 99
2700, 94
2701, 73
2702, 23
2703, 76
2704, 80
2705, 49
2706, 59
2707, 94
2708, 30
2709, 59
2710, 59
2711, 76
2712, 97
2713, 0
2714, 18
2715, 4
2716, 10
2717, 11
2718, 21
2719, 24
2720, 44
2721, 75
2722, 97
2723, 85
2724, 79
2725, 37
2726, 79
2727, 25
2728, 4
2729, 4
2730, 60
2731, 10
2732, 24
2733, 4
2734, 54
2735, 46
2736, 4
2737, 67
2738, 24
2739, 23
2740, 23
2741, 15
2742, 74
2743, 32
2744, 64
2745, 74
2746, 57
2747, 65
2748, 36
2749, 90
2750, 91
2751, 53
2752, 42
2753, 34
2754, 55
2755, 28
2756, 6
2757, 44
2758, 46
2759, 20
2760, 94
2761, 96
2762, 45
2763, 21
2764, 59
2765, 60
2766, 62
2767, 77
2768, 42
2769, 87
2770, 12
2771, 27
2772, 33
2773, 10
2774, 5
2775, 48
2776, 10
2777, 90
2778, 31
2779, 91
2780, 74
2781, 18
2782, 51
2783, 73
2784, 68
2785, 96
2786, 21
2787, 97
2788, 25
2789, 35
2790, 10
2791, 15
2792, 80
2793, 35
2794, 76
2795, 72
2796, 25
2797, 43
2798, 6
2799, 69
2800, 77
2801, 38
2802, 25
2803, 99
2804, 98
2805, 79
2806, 8
2807, 60
2808, 25
2809, 79
2810, 16
2811, 69
2812, 36
2813, 26
2814, 75
2815, 59
2816, 40
2817, 87
2818, 75
2819, 75
2820, 18
2821, 79
2822, 36
2823, 59
2824, 4
2825, 78
2826, 35
2827, 96
2828, 31
2829, 25
2830, 73
2831, 23
2832, 76
2833, 18
2834, 73
2835, 28
2836, 94
2837, 85
2838, 33
2839, 56
2840, 97
2841, 10
2842, 14
2843, 49
2844, 42
2845, 60
2846, 76
2847, 84
2848, 59
2849, 23
2850, 62
2851, 76
2852, 75
2853, 24
2854, 55
2855, 34
2856, 25
2857, 0
2858, 66
2859, 50
2860, 85
2861, 62
2862, 97
2863, 59
2864, 18
2865, 58
2866, 35
2867, 50
2868, 39
2869, 18
2870, 66
2871, 15
2872, 76
2873, 29
2874, 88
2875, 72
2876, 92
2877, 7
2878, 38
2879, 39
2880, 87
2881, 2
2882, 44
2883, 74
2884, 46
2885, 49
2886, 75
2887, 36
2888, 32
2889, 18
2890, 17
2891, 85
2892, 82
2893, 55
2894, 78
2895, 87
2896, 15
2897, 96
2898, 74
2899, 71
2900, 15
2901, 51
2902, 14
2903, 13
2904, 7
2905, 62
2906, 46
2907, 4
2908, 63
2909, 55
2910, 96
2911, 94
2912, 11
2913, 90
2914, 96
2915, 16
2916, 26
2917, 59
2918, 21
2919, 53
2920, 16
2921, 57
2922, 32
2923, 31
2924, 65
2925, 48
2926, 42
2927, 18
2928, 33
2929, 18
2930, 96
2931, 42
2932, 60
2933, 5
2934, 85
2935, 75
2936, 32
2937, 99
2938, 43
2939, 85
2940, 97
2941, 76
2942, 83
2943, 96
2944, 94
2945, 59
2946, 32
2947, 7
2948, 18
2949, 13
2950, 95
2951, 30
2952, 15
2953, 11
2954, 62
2955, 71
2956, 94
2957, 85
2958, 18
2959, 95
2960, 18
2961, 57
2962, 94
2963, 37
2964, 70
2965, 24
2966, 77
2967, 73
2968, 23
2969, 56
2970, 76
2971, 56
2972, 88
2973, 27
2974, 1
2975, 74
2976, 97
2977, 94
2978, 28
2979, 62
2980, 60
2981, 7
2982, 1
2983, 33
2984, 34
2985, 23
2986, 0
2987, 18
2988, 34
2989, 28
2990, 10
2991, 9
2992, 96
2993, 81
2994, 1
2995, 99
2996, 96
2997, 13
2998, 75
2999, 87
3000, 92
