number, label
0001, 70
0002, 42
0003, 58
0004, 26
0005, 44
0006, 60
0007, 7
0008, 35
0009, 96
0010, 98
0011, 68
0012, 97
0013, 30
0014, 47
0015, 96
0016, 47
0017, 73
0018, 1
0019, 27
0020, 50
0021, 36
0022, 45
0023, 12
0024, 31
0025, 36
0026, 48
0027, 70
0028, 76
0029, 55
0030, 42
0031, 21
0032, 70
0033, 83
0034, 35
0035, 54
0036, 20
0037, 97
0038, 88
0039, 80
0040, 62
0041, 37
0042, 28
0043, 43
0044, 81
0045, 31
0046, 82
0047, 27
0048, 4
0049, 90
0050, 53
0051, 71
0052, 96
0053, 31
0054, 12
0055, 31
0056, 7
0057, 63
0058, 41
0059, 73
0060, 78
0061, 66
0062, 2
0063, 75
0064, 10
0065, 33
0066, 23
0067, 56
0068, 51
0069, 1
0070, 6
0071, 98
0072, 35
0073, 32
0074, 20
0075, 44
0076, 7
0077, 40
0078, 79
0079, 51
0080, 42
0081, 60
0082, 21
0083, 0
0084, 46
0085, 26
0086, 68
0087, 28
0088, 96
0089, 21
0090, 63
0091, 82
0092, 73
0093, 31
0094, 22
0095, 18
0096, 94
0097, 25
0098, 21
0099, 33
0100, 55
0101, 79
0102, 50
0103, 30
0104, 6
0105, 87
0106, 39
0107, 61
0108, 69
0109, 18
0110, 83
0111, 13
0112, 58
0113, 39
0114, 64
0115, 60
0116, 71
0117, 30
0118, 96
0119, 16
0120, 55
0121, 26
0122, 11
0123, 68
0124, 74
0125, 55
0126, 61
0127, 94
0128, 17
0129, 88
0130, 93
0131, 82
0132, 9
0133, 85
0134, 94
0135, 81
0136, 33
0137, 57
0138, 1
0139, 66
0140, 65
0141, 9
0142, 57
0143, 19
0144, 73
0145, 55
0146, 27
0147, 2
0148, 79
0149, 66
0150, 82
0151, 57
0152, 72
0153, 66
0154, 3
0155, 8
0156, 49
0157, 27
0158, 7
0159, 74
0160, 47
0161, 94
0162, 63
0163, 79
0164, 36
0165, 58
0166, 38
0167, 73
0168, 12
0169, 57
0170, 77
0171, 48
0172, 46
0173, 75
0174, 38
0175, 21
0176, 39
0177, 29
0178, 67
0179, 32
0180, 27
0181, 27
0182, 55
0183, 6
0184, 19
0185, 22
0186, 20
0187, 6
0188, 1
0189, 18
0190, 99
0191, 71
0192, 67
0193, 82
0194, 23
0195, 97
0196, 43
0197, 60
0198, 6
0199, 97
0200, 76
0201, 54
0202, 40
0203, 35
0204, 30
0205, 55
0206, 61
0207, 55
0208, 0
0209, 15
0210, 38
0211, 18
0212, 64
0213, 70
0214, 7
0215, 12
0216, 35
0217, 86
0218, 90
0219, 97
0220, 36
0221, 73
0222, 62
0223, 34
0224, 3
0225, 2
0226, 24
0227, 12
0228, 67
0229, 7
0230, 55
0231, 96
0232, 39
0233, 46
0234, 5
0235, 57
0236, 57
0237, 7
0238, 88
0239, 27
0240, 32
0241, 71
0242, 57
0243, 11
0244, 35
0245, 68
0246, 80
0247, 55
0248, 24
0249, 86
0250, 39
0251, 90
0252, 32
0253, 33
0254, 69
0255, 51
0256, 99
0257, 55
0258, 77
0259, 42
0260, 65
0261, 75
0262, 97
0263, 23
0264, 96
0265, 37
0266, 3
0267, 97
0268, 96
0269, 48
0270, 85
0271, 2
0272, 55
0273, 61
0274, 12
0275, 53
0276, 78
0277, 6
0278, 4
0279, 23
0280, 15
0281, 27
0282, 51
0283, 51
0284, 60
0285, 55
0286, 74
0287, 59
0288, 70
0289, 95
0290, 94
0291, 92
0292, 66
0293, 35
0294, 94
0295, 1
0296, 66
0297, 50
0298, 95
0299, 18
0300, 66
0301, 87
0302, 35
0303, 7
0304, 42
0305, 35
0306, 25
0307, 67
0308, 69
0309, 89
0310, 50
0311, 4
0312, 19
0313, 12
0314, 18
0315, 13
0316, 35
0317, 71
0318, 43
0319, 2
0320, 0
0321, 30
0322, 33
0323, 12
0324, 55
0325, 61
0326, 63
0327, 18
0328, 18
0329, 37
0330, 88
0331, 53
0332, 9
0333, 7
0334, 70
0335, 96
0336, 40
0337, 4
0338, 59
0339, 88
0340, 52
0341, 37
0342, 7
0343, 66
0344, 83
0345, 7
0346, 12
0347, 28
0348, 78
0349, 9
0350, 79
0351, 36
0352, 86
0353, 27
0354, 24
0355, 51
0356, 31
0357, 60
0358, 42
0359, 73
0360, 24
0361, 12
0362, 42
0363, 90
0364, 41
0365, 83
0366, 19
0367, 79
0368, 36
0369, 42
0370, 67
0371, 55
0372, 85
0373, 70
0374, 63
0375, 9
0376, 83
0377, 53
0378, 57
0379, 45
0380, 4
0381, 46
0382, 85
0383, 4
0384, 96
0385, 49
0386, 90
0387, 31
0388, 87
0389, 97
0390, 30
0391, 90
0392, 85
0393, 21
0394, 92
0395, 55
0396, 84
0397, 49
0398, 39
0399, 74
0400, 67
0401, 11
0402, 38
0403, 22
0404, 83
0405, 59
0406, 88
0407, 79
0408, 55
0409, 17
0410, 59
0411, 10
0412, 78
0413, 72
0414, 96
0415, 97
0416, 39
0417, 24
0418, 94
0419, 95
0420, 1
0421, 96
0422, 56
0423, 95
0424, 97
0425, 10
0426, 81
0427, 79
0428, 88
0429, 77
0430, 55
0431, 48
0432, 17
0433, 58
0434, 21
0435, 87
0436, 85
0437, 4
0438, 30
0439, 72
0440, 27
0441, 19
0442, 85
0443, 75
0444, 78
0445, 8
0446, 16
0447, 7
0448, 69
0449, 62
0450, 59
0451, 80
0452, 23
0453, 7
0454, 21
0455, 23
0456, 81
0457, 31
0458, 90
0459, 59
0460, 79
0461, 33
0462, 96
0463, 95
0464, 31
0465, 77
0466, 13
0467, 60
0468, 18
0469, 30
0470, 58
0471, 38
0472, 33
0473, 92
0474, 31
0475, 36
0476, 85
0477, 74
0478, 50
0479, 75
0480, 14
0481, 28
0482, 38
0483, 35
0484, 97
0485, 11
0486, 5
0487, 66
0488, 97
0489, 18
0490, 55
0491, 60
0492, 18
0493, 88
0494, 44
0495, 53
0496, 40
0497, 15
0498, 93
0499, 10
0500, 83
0501, 12
0502, 37
0503, 82
0504, 66
0505, 46
0506, 70
0507, 48
0508, 31
0509, 3
0510, 22
0511, 3
0512, 51
0513, 65
0514, 23
0515, 16
0516, 47
0517, 81
0518, 70
0519, 46
0520, 95
0521, 96
0522, 4
0523, 40
0524, 38
0525, 56
0526, 14
0527, 29
0528, 96
0529, 80
0530, 94
0531, 35
0532, 5
0533, 24
0534, 42
0535, 27
0536, 2
0537, 41
0538, 97
0539, 69
0540, 18
0541, 96
0542, 37
0543, 84
0544, 12
0545, 36
0546, 4
0547, 64
0548, 96
0549, 71
0550, 43
0551, 27
0552, 79
0553, 74
0554, 60
0555, 12
0556, 44
0557, 88
0558, 24
0559, 55
0560, 1
0561, 63
0562, 44
0563, 17
0564, 27
0565, 23
0566, 10
0567, 60
0568, 17
0569, 56
0570, 92
0571, 50
0572, 90
0573, 48
0574, 90
0575, 8
0576, 65
0577, 12
0578, 97
0579, 58
0580, 23
0581, 10
0582, 24
0583, 66
0584, 79
0585, 23
0586, 14
0587, 35
0588, 66
0589, 51
0590, 71
0591, 58
0592, 5
0593, 78
0594, 27
0595, 6
0596, 50
0597, 45
0598, 22
0599, 3
0600, 96
0601, 22
0602, 95
0603, 16
0604, 27
0605, 8
0606, 63
0607, 76
0608, 6
0609, 3
0610, 16
0611, 54
0612, 17
0613, 20
0614, 37
0615, 15
0616, 63
0617, 71
0618, 4
0619, 14
0620, 19
0621, 36
0622, 47
0623, 50
0624, 96
0625, 62
0626, 4
0627, 34
0628, 5
0629, 77
0630, 69
0631, 35
0632, 68
0633, 51
0634, 66
0635, 70
0636, 68
0637, 0
0638, 96
0639, 20
0640, 72
0641, 31
0642, 44
0643, 12
0644, 64
0645, 32
0646, 6
0647, 6
0648, 35
0649, 7
0650, 2
0651, 97
0652, 83
0653, 65
0654, 7
0655, 27
0656, 40
0657, 69
0658, 70
0659, 73
0660, 31
0661, 17
0662, 41
0663, 85
0664, 12
0665, 97
0666, 71
0667, 96
0668, 97
0669, 85
0670, 18
0671, 41
0672, 23
0673, 37
0674, 82
0675, 25
0676, 74
0677, 76
0678, 51
0679, 81
0680, 7
0681, 8
0682, 6
0683, 38
0684, 7
0685, 32
0686, 79
0687, 79
0688, 12
0689, 23
0690, 85
0691, 50
0692, 81
0693, 56
0694, 69
0695, 96
0696, 35
0697, 23
0698, 54
0699, 37
0700, 72
0701, 5
0702, 17
0703, 55
0704, 97
0705, 26
0706, 28
0707, 15
0708, 23
0709, 33
0710, 28
0711, 31
0712, 38
0713, 58
0714, 18
0715, 1
0716, 38
0717, 94
0718, 27
0719, 51
0720, 18
0721, 81
0722, 7
0723, 48
0724, 33
0725, 99
0726, 27
0727, 56
0728, 23
0729, 50
0730, 64
0731, 89
0732, 38
0733, 27
0734, 38
0735, 28
0736, 21
0737, 16
0738, 35
0739, 87
0740, 96
0741, 70
0742, 66
0743, 33
0744, 26
0745, 94
0746, 90
0747, 97
0748, 18
0749, 79
0750, 57
0751, 20
0752, 78
0753, 12
0754, 41
0755, 66
0756, 55
0757, 50
0758, 39
0759, 78
0760, 32
0761, 6
0762, 90
0763, 5
0764, 70
0765, 97
0766, 87
0767, 85
0768, 47
0769, 85
0770, 52
0771, 33
0772, 41
0773, 21
0774, 8
0775, 60
0776, 54
0777, 59
0778, 67
0779, 0
0780, 30
0781, 59
0782, 83
0783, 64
0784, 84
0785, 78
0786, 70
0787, 54
0788, 24
0789, 29
0790, 76
0791, 4
0792, 59
0793, 48
0794, 66
0795, 61
0796, 3
0797, 23
0798, 89
0799, 1
0800, 21
0801, 73
0802, 44
0803, 68
0804, 30
0805, 7
0806, 30
0807, 50
0808, 56
0809, 23
0810, 22
0811, 35
0812, 90
0813, 74
0814, 29
0815, 52
0816, 95
0817, 14
0818, 9
0819, 50
0820, 98
0821, 44
0822, 46
0823, 22
0824, 37
0825, 96
0826, 25
0827, 81
0828, 90
0829, 35
0830, 60
0831, 98
0832, 69
0833, 39
0834, 53
0835, 51
0836, 20
0837, 52
0838, 63
0839, 72
0840, 98
0841, 86
0842, 6
0843, 66
0844, 42
0845, 6
0846, 50
0847, 96
0848, 23
0849, 12
0850, 73
0851, 31
0852, 90
0853, 11
0854, 74
0855, 62
0856, 18
0857, 49
0858, 39
0859, 31
0860, 35
0861, 92
0862, 86
0863, 11
0864, 55
0865, 48
0866, 82
0867, 82
0868, 64
0869, 86
0870, 76
0871, 51
0872, 20
0873, 97
0874, 4
0875, 30
0876, 23
0877, 50
0878, 71
0879, 80
0880, 6
0881, 9
0882, 96
0883, 77
0884, 70
0885, 94
0886, 48
0887, 36
0888, 96
0889, 96
0890, 36
0891, 76
0892, 32
0893, 8
0894, 55
0895, 7
0896, 74
0897, 67
0898, 81
0899, 12
0900, 96
0901, 53
0902, 11
0903, 14
0904, 85
0905, 52
0906, 81
0907, 21
0908, 12
0909, 87
0910, 76
0911, 3
0912, 91
0913, 17
0914, 88
0915, 65
0916, 67
0917, 58
0918, 24
0919, 35
0920, 87
0921, 6
0922, 35
0923, 69
0924, 79
0925, 51
0926, 30
0927, 12
0928, 55
0929, 9
0930, 0
0931, 68
0932, 81
0933, 42
0934, 3
0935, 58
0936, 55
0937, 1
0938, 49
0939, 4
0940, 87
0941, 24
0942, 99
0943, 60
0944, 93
0945, 80
0946, 13
0947, 31
0948, 4
0949, 53
0950, 43
0951, 26
0952, 90
0953, 14
0954, 20
0955, 24
0956, 87
0957, 48
0958, 83
0959, 55
0960, 96
0961, 17
0962, 72
0963, 12
0964, 31
0965, 66
0966, 69
0967, 75
0968, 60
0969, 23
0970, 24
0971, 30
0972, 12
0973, 56
0974, 16
0975, 73
0976, 71
0977, 25
0978, 92
0979, 55
0980, 66
0981, 67
0982, 94
0983, 35
0984, 4
0985, 24
0986, 8
0987, 68
0988, 24
0989, 6
0990, 10
0991, 25
0992, 66
0993, 9
0994, 92
0995, 7
0996, 8
0997, 98
0998, 26
0999, 1
1000, 95
1001, 6
1002, 73
1003, 98
1004, 89
1005, 55
1006, 87
1007, 74
1008, 20
1009, 62
1010, 25
1011, 71
1012, 85
1013, 44
1014, 23
1015, 61
1016, 11
1017, 72
1018, 71
1019, 45
1020, 26
1021, 38
1022, 91
1023, 18
1024, 19
1025, 64
1026, 21
1027, 60
1028, 5
1029, 33
1030, 96
1031, 68
1032, 41
1033, 55
1034, 96
1035, 64
1036, 42
1037, 99
1038, 12
1039, 63
1040, 94
1041, 36
1042, 6
1043, 75
1044, 55
1045, 95
1046, 27
1047, 84
1048, 86
1049, 66
1050, 33
1051, 55
1052, 62
1053, 58
1054, 35
1055, 25
1056, 58
1057, 76
1058, 96
1059, 82
1060, 8
1061, 41
1062, 4
1063, 82
1064, 98
1065, 90
1066, 81
1067, 23
1068, 68
1069, 55
1070, 6
1071, 36
1072, 97
1073, 96
1074, 71
1075, 49
1076, 50
1077, 22
1078, 90
1079, 71
1080, 56
1081, 38
1082, 90
1083, 18
1084, 94
1085, 5
1086, 12
1087, 33
1088, 7
1089, 72
1090, 85
1091, 46
1092, 50
1093, 11
1094, 41
1095, 79
1096, 68
1097, 70
1098, 49
1099, 19
1100, 54
1101, 74
1102, 55
1103, 80
1104, 8
1105, 74
1106, 73
1107, 40
1108, 97
1109, 51
1110, 79
1111, 94
1112, 4
1113, 61
1114, 60
1115, 87
1116, 27
1117, 4
1118, 22
1119, 94
1120, 93
1121, 61
1122, 69
1123, 23
1124, 26
1125, 96
1126, 4
1127, 62
1128, 55
1129, 37
1130, 96
1131, 51
1132, 11
1133, 29
1134, 42
1135, 59
1136, 76
1137, 81
1138, 62
1139, 27
1140, 37
1141, 13
1142, 37
1143, 41
1144, 9
1145, 85
1146, 27
1147, 67
1148, 10
1149, 16
1150, 41
1151, 56
1152, 59
1153, 59
1154, 4
1155, 97
1156, 86
1157, 40
1158, 17
1159, 43
1160, 8
1161, 25
1162, 35
1163, 97
1164, 55
1165, 58
1166, 41
1167, 52
1168, 23
1169, 87
1170, 4
1171, 21
1172, 66
1173, 96
1174, 96
1175, 21
1176, 29
1177, 79
1178, 8
1179, 44
1180, 53
1181, 38
1182, 24
1183, 61
1184, 26
1185, 6
1186, 94
1187, 72
1188, 91
1189, 5
1190, 62
1191, 96
1192, 86
1193, 9
1194, 29
1195, 25
1196, 23
1197, 96
1198, 3
1199, 14
1200, 68
1201, 36
1202, 18
1203, 55
1204, 4
1205, 67
1206, 26
1207, 40
1208, 45
1209, 37
1210, 43
1211, 53
1212, 20
1213, 79
1214, 38
1215, 66
1216, 23
1217, 80
1218, 47
1219, 35
1220, 88
1221, 71
1222, 21
1223, 44
1224, 18
1225, 12
1226, 69
1227, 69
1228, 21
1229, 71
1230, 10
1231, 85
1232, 77
1233, 28
1234, 21
1235, 17
1236, 25
1237, 30
1238, 97
1239, 60
1240, 76
1241, 81
1242, 98
1243, 48
1244, 20
1245, 50
1246, 47
1247, 23
1248, 31
1249, 43
1250, 17
1251, 96
1252, 96
1253, 30
1254, 12
1255, 98
1256, 99
1257, 17
1258, 32
1259, 19
1260, 27
1261, 2
1262, 97
1263, 58
1264, 75
1265, 29
1266, 58
1267, 48
1268, 15
1269, 52
1270, 94
1271, 69
1272, 55
1273, 49
1274, 72
1275, 19
1276, 75
1277, 76
1278, 23
1279, 73
1280, 56
1281, 82
1282, 44
1283, 74
1284, 38
1285, 95
1286, 90
1287, 37
1288, 66
1289, 40
1290, 34
1291, 36
1292, 67
1293, 73
1294, 17
1295, 37
1296, 97
1297, 81
1298, 41
1299, 60
1300, 71
1301, 73
1302, 67
1303, 66
1304, 65
1305, 9
1306, 62
1307, 87
1308, 9
1309, 17
1310, 22
1311, 57
1312, 35
1313, 89
1314, 35
1315, 1
1316, 99
1317, 0
1318, 85
1319, 68
1320, 27
1321, 10
1322, 71
1323, 15
1324, 97
1325, 94
1326, 20
1327, 30
1328, 57
1329, 79
1330, 20
1331, 74
1332, 51
1333, 66
1334, 63
1335, 31
1336, 93
1337, 35
1338, 19
1339, 66
1340, 68
1341, 60
1342, 38
1343, 95
1344, 92
1345, 92
1346, 31
1347, 31
1348, 94
1349, 56
1350, 89
1351, 86
1352, 38
1353, 56
1354, 30
1355, 74
1356, 76
1357, 40
1358, 12
1359, 70
1360, 52
1361, 54
1362, 27
1363, 55
1364, 5
1365, 27
1366, 85
1367, 77
1368, 91
1369, 78
1370, 62
1371, 61
1372, 55
1373, 17
1374, 24
1375, 23
1376, 96
1377, 77
1378, 36
1379, 98
1380, 65
1381, 99
1382, 50
1383, 67
1384, 55
1385, 12
1386, 60
1387, 69
1388, 9
1389, 97
1390, 60
1391, 38
1392, 43
1393, 63
1394, 7
1395, 92
1396, 75
1397, 41
1398, 97
1399, 27
1400, 40
1401, 35
1402, 19
1403, 6
1404, 35
1405, 97
1406, 40
1407, 23
1408, 26
1409, 67
1410, 71
1411, 97
1412, 35
1413, 9
1414, 2
1415, 80
1416, 79
1417, 69
1418, 69
1419, 86
1420, 87
1421, 45
1422, 35
1423, 96
1424, 60
1425, 84
1426, 18
1427, 10
1428, 29
1429, 18
1430, 33
1431, 35
1432, 18
1433, 30
1434, 66
1435, 12
1436, 27
1437, 24
1438, 62
1439, 87
1440, 63
1441, 71
1442, 72
1443, 38
1444, 70
1445, 79
1446, 1
1447, 28
1448, 27
1449, 78
1450, 25
1451, 52
1452, 92
1453, 48
1454, 22
1455, 19
1456, 96
1457, 26
1458, 0
1459, 94
1460, 60
1461, 18
1462, 96
1463, 4
1464, 74
1465, 55
1466, 7
1467, 35
1468, 26
1469, 46
1470, 95
1471, 88
1472, 39
1473, 66
1474, 70
1475, 45
1476, 29
1477, 5
1478, 41
1479, 44
1480, 96
1481, 23
1482, 39
1483, 35
1484, 25
1485, 86
1486, 57
1487, 84
1488, 42
1489, 17
1490, 26
1491, 63
1492, 79
1493, 33
1494, 65
1495, 35
1496, 18
1497, 91
1498, 84
1499, 24
1500, 5
1501, 5
1502, 68
1503, 35
1504, 32
1505, 7
1506, 59
1507, 88
1508, 83
1509, 66
1510, 16
1511, 4
1512, 36
1513, 10
1514, 95
1515, 86
1516, 53
1517, 30
1518, 66
1519, 97
1520, 12
1521, 74
1522, 92
1523, 18
1524, 71
1525, 43
1526, 67
1527, 55
1528, 92
1529, 97
1530, 45
1531, 69
1532, 64
1533, 78
1534, 81
1535, 53
1536, 31
1537, 95
1538, 63
1539, 29
1540, 85
1541, 4
1542, 27
1543, 51
1544, 63
1545, 50
1546, 23
1547, 87
1548, 30
1549, 55
1550, 88
1551, 90
1552, 84
1553, 4
1554, 21
1555, 7
1556, 12
1557, 87
1558, 96
1559, 99
1560, 90
1561, 18
1562, 60
1563, 64
1564, 66
1565, 51
1566, 70
1567, 42
1568, 55
1569, 87
1570, 88
1571, 6
1572, 9
1573, 28
1574, 48
1575, 41
1576, 25
1577, 51
1578, 62
1579, 27
1580, 93
1581, 6
1582, 50
1583, 16
1584, 91
1585, 87
1586, 83
1587, 11
1588, 9
1589, 31
1590, 1
1591, 38
1592, 85
1593, 95
1594, 18
1595, 4
1596, 1
1597, 41
1598, 81
1599, 50
1600, 62
1601, 96
1602, 54
1603, 86
1604, 76
1605, 43
1606, 95
1607, 79
1608, 61
1609, 71
1610, 89
1611, 29
1612, 3
1613, 79
1614, 97
1615, 77
1616, 66
1617, 17
1618, 84
1619, 12
1620, 69
1621, 33
1622, 32
1623, 18
1624, 51
1625, 36
1626, 63
1627, 96
1628, 80
1629, 39
1630, 78
1631, 50
1632, 70
1633, 79
1634, 35
1635, 92
1636, 43
1637, 72
1638, 79
1639, 8
1640, 28
1641, 86
1642, 95
1643, 12
1644, 60
1645, 72
1646, 5
1647, 33
1648, 65
1649, 12
1650, 59
1651, 45
1652, 89
1653, 73
1654, 67
1655, 12
1656, 76
1657, 26
1658, 14
1659, 91
1660, 41
1661, 12
1662, 71
1663, 30
1664, 69
1665, 21
1666, 37
1667, 5
1668, 5
1669, 85
1670, 97
1671, 37
1672, 20
1673, 23
1674, 62
1675, 55
1676, 78
1677, 99
1678, 36
1679, 70
1680, 38
1681, 99
1682, 18
1683, 31
1684, 26
1685, 56
1686, 27
1687, 67
1688, 14
1689, 57
1690, 6
1691, 35
1692, 57
1693, 81
1694, 88
1695, 91
1696, 30
1697, 33
1698, 20
1699, 71
1700, 75
1701, 91
1702, 39
1703, 30
1704, 31
1705, 34
1706, 25
1707, 18
1708, 90
1709, 44
1710, 40
1711, 63
1712, 32
1713, 37
1714, 9
1715, 34
1716, 74
1717, 9
1718, 22
1719, 1
1720, 60
1721, 31
1722, 66
1723, 88
1724, 44
1725, 72
1726, 96
1727, 87
1728, 57
1729, 24
1730, 63
1731, 96
1732, 97
1733, 8
1734, 69
1735, 96
1736, 41
1737, 76
1738, 3
1739, 76
1740, 3
1741, 54
1742, 31
1743, 47
1744, 62
1745, 49
1746, 71
1747, 28
1748, 79
1749, 78
1750, 22
1751, 97
1752, 10
1753, 56
1754, 63
1755, 36
1756, 28
1757, 35
1758, 32
1759, 68
1760, 6
1761, 18
1762, 85
1763, 66
1764, 59
1765, 1
1766, 59
1767, 69
1768, 9
1769, 43
1770, 72
1771, 7
1772, 47
1773, 94
1774, 1
1775, 35
1776, 87
1777, 67
1778, 14
1779, 55
1780, 42
1781, 70
1782, 76
1783, 16
1784, 4
1785, 35
1786, 21
1787, 14
1788, 63
1789, 66
1790, 12
1791, 19
1792, 69
1793, 67
1794, 43
1795, 28
1796, 75
1797, 94
1798, 42
1799, 80
1800, 30
1801, 79
1802, 30
1803, 81
1804, 42
1805, 62
1806, 57
1807, 27
1808, 46
1809, 78
1810, 50
1811, 55
1812, 12
1813, 40
1814, 59
1815, 96
1816, 30
1817, 64
1818, 53
1819, 65
1820, 1
1821, 64
1822, 76
1823, 21
1824, 17
1825, 35
1826, 48
1827, 41
1828, 50
1829, 71
1830, 0
1831, 18
1832, 25
1833, 68
1834, 6
1835, 73
1836, 26
1837, 74
1838, 28
1839, 68
1840, 79
1841, 54
1842, 92
1843, 76
1844, 67
1845, 96
1846, 28
1847, 71
1848, 83
1849, 3
1850, 72
1851, 30
1852, 79
1853, 55
1854, 76
1855, 30
1856, 7
1857, 37
1858, 62
1859, 96
1860, 17
1861, 76
1862, 99
1863, 15
1864, 65
1865, 30
1866, 74
1867, 40
1868, 39
1869, 0
1870, 70
1871, 43
1872, 85
1873, 20
1874, 95
1875, 82
1876, 51
1877, 1
1878, 61
1879, 35
1880, 29
1881, 56
1882, 71
1883, 90
1884, 6
1885, 37
1886, 79
1887, 97
1888, 69
1889, 73
1890, 63
1891, 18
1892, 83
1893, 86
1894, 60
1895, 46
1896, 60
1897, 7
1898, 19
1899, 39
1900, 66
1901, 19
1902, 82
1903, 24
1904, 20
1905, 29
1906, 55
1907, 25
1908, 14
1909, 81
1910, 27
1911, 11
1912, 96
1913, 37
1914, 68
1915, 28
1916, 96
1917, 92
1918, 77
1919, 46
1920, 81
1921, 52
1922, 56
1923, 33
1924, 79
1925, 91
1926, 22
1927, 85
1928, 23
1929, 74
1930, 77
1931, 12
1932, 81
1933, 14
1934, 71
1935, 85
1936, 13
1937, 16
1938, 92
1939, 36
1940, 81
1941, 5
1942, 97
1943, 71
1944, 99
1945, 26
1946, 11
1947, 10
1948, 97
1949, 33
1950, 4
1951, 83
1952, 0
1953, 0
1954, 4
1955, 42
1956, 9
1957, 73
1958, 55
1959, 60
1960, 90
1961, 94
1962, 15
1963, 17
1964, 18
1965, 17
1966, 51
1967, 12
1968, 12
1969, 22
1970, 71
1971, 8
1972, 35
1973, 74
1974, 9
1975, 9
1976, 90
1977, 53
1978, 90
1979, 0
1980, 94
1981, 73
1982, 73
1983, 26
1984, 4
1985, 80
1986, 67
1987, 38
1988, 10
1989, 8
1990, 81
1991, 97
1992, 91
1993, 97
1994, 21
1995, 23
1996, 22
1997, 81
1998, 43
1999, 96
2000, 71
2001, 55
2002, 62
2003, 46
2004, 91
2005, 81
2006, 27
2007, 9
2008, 66
2009, 37
2010, 69
2011, 80
2012, 50
2013, 55
2014, 73
2015, 95
2016, 62
2017, 21
2018, 50
2019, 58
2020, 83
2021, 28
2022, 55
2023, 18
2024, 21
2025, 55
2026, 32
2027, 97
2028, 95
2029, 44
2030, 24
2031, 14
2032, 66
2033, 78
2034, 42
2035, 2
2036, 31
2037, 42
2038, 81
2039, 94
2040, 5
2041, 97
2042, 10
2043, 87
2044, 88
2045, 67
2046, 35
2047, 97
2048, 17
2049, 42
2050, 79
2051, 9
2052, 35
2053, 0
2054, 53
2055, 55
2056, 6
2057, 59
2058, 91
2059, 13
2060, 12
2061, 67
2062, 24
2063, 57
2064, 50
2065, 66
2066, 46
2067, 81
2068, 35
2069, 23
2070, 43
2071, 79
2072, 77
2073, 17
2074, 55
2075, 44
2076, 24
2077, 8
2078, 0
2079, 24
2080, 97
2081, 56
2082, 72
2083, 83
2084, 57
2085, 12
2086, 88
2087, 17
2088, 19
2089, 95
2090, 64
2091, 54
2092, 91
2093, 96
2094, 5
2095, 21
2096, 37
2097, 97
2098, 55
2099, 70
2100, 6
2101, 94
2102, 23
2103, 73
2104, 99
2105, 33
2106, 58
2107, 12
2108, 94
2109, 97
2110, 19
2111, 41
2112, 55
2113, 4
2114, 89
2115, 18
2116, 71
2117, 73
2118, 24
2119, 47
2120, 78
2121, 10
2122, 55
2123, 51
2124, 73
2125, 66
2126, 79
2127, 9
2128, 97
2129, 11
2130, 36
2131, 81
2132, 86
2133, 97
2134, 24
2135, 87
2136, 62
2137, 35
2138, 52
2139, 5
2140, 91
2141, 2
2142, 27
2143, 31
2144, 31
2145, 68
2146, 24
2147, 4
2148, 12
2149, 60
2150, 10
2151, 7
2152, 71
2153, 80
2154, 30
2155, 2
2156, 63
2157, 96
2158, 1
2159, 97
2160, 0
2161, 94
2162, 39
2163, 18
2164, 87
2165, 73
2166, 62
2167, 39
2168, 39
2169, 43
2170, 19
2171, 33
2172, 79
2173, 87
2174, 68
2175, 20
2176, 31
2177, 41
2178, 12
2179, 19
2180, 3
2181, 11
2182, 66
2183, 67
2184, 55
2185, 56
2186, 27
2187, 54
2188, 5
2189, 51
2190, 68
2191, 92
2192, 92
2193, 11
2194, 76
2195, 32
2196, 44
2197, 72
2198, 87
2199, 63
2200, 7
2201, 12
2202, 29
2203, 78
2204, 43
2205, 6
2206, 40
2207, 35
2208, 51
2209, 91
2210, 70
2211, 35
2212, 70
2213, 11
2214, 60
2215, 5
2216, 55
2217, 37
2218, 26
2219, 6
2220, 12
2221, 51
2222, 51
2223, 97
2224, 17
2225, 20
2226, 71
2227, 87
2228, 55
2229, 5
2230, 50
2231, 68
2232, 36
2233, 75
2234, 29
2235, 23
2236, 76
2237, 25
2238, 23
2239, 55
2240, 12
2241, 22
2242, 37
2243, 69
2244, 4
2245, 94
2246, 50
2247, 66
2248, 64
2249, 73
2250, 19
2251, 14
2252, 39
2253, 52
2254, 59
2255, 32
2256, 38
2257, 67
2258, 71
2259, 78
2260, 47
2261, 35
2262, 76
2263, 75
2264, 68
2265, 84
2266, 58
2267, 21
2268, 6
2269, 51
2270, 22
2271, 0
2272, 69
2273, 36
2274, 56
2275, 53
2276, 78
2277, 0
2278, 28
2279, 59
2280, 96
2281, 95
2282, 88
2283, 23
2284, 58
2285, 69
2286, 66
2287, 9
2288, 1
2289, 96
2290, 9
2291, 79
2292, 37
2293, 23
2294, 10
2295, 37
2296, 96
2297, 38
2298, 79
2299, 59
2300, 6
2301, 71
2302, 96
2303, 80
2304, 90
2305, 62
2306, 73
2307, 31
2308, 85
2309, 48
2310, 94
2311, 83
2312, 49
2313, 9
2314, 75
2315, 20
2316, 11
2317, 21
2318, 33
2319, 75
2320, 87
2321, 51
2322, 51
2323, 30
2324, 84
2325, 25
2326, 32
2327, 56
2328, 9
2329, 94
2330, 59
2331, 55
2332, 62
2333, 41
2334, 50
2335, 27
2336, 95
2337, 41
2338, 48
2339, 89
2340, 55
2341, 34
2342, 78
2343, 26
2344, 29
2345, 80
2346, 45
2347, 42
2348, 48
2349, 40
2350, 74
2351, 23
2352, 34
2353, 73
2354, 68
2355, 35
2356, 67
2357, 23
2358, 94
2359, 27
2360, 7
2361, 11
2362, 56
2363, 51
2364, 99
2365, 0
2366, 66
2367, 94
2368, 82
2369, 96
2370, 23
2371, 55
2372, 18
2373, 49
2374, 76
2375, 75
2376, 21
2377, 4
2378, 96
2379, 96
2380, 1
2381, 4
2382, 49
2383, 9
2384, 66
2385, 27
2386, 32
2387, 55
2388, 10
2389, 49
2390, 87
2391, 42
2392, 69
2393, 67
2394, 12
2395, 82
2396, 49
2397, 46
2398, 95
2399, 85
2400, 55
2401, 42
2402, 72
2403, 74
2404, 50
2405, 96
2406, 69
2407, 63
2408, 23
2409, 26
2410, 69
2411, 5
2412, 62
2413, 40
2414, 33
2415, 69
2416, 59
2417, 7
2418, 78
2419, 5
2420, 74
2421, 65
2422, 24
2423, 35
2424, 50
2425, 45
2426, 86
2427, 92
2428, 49
2429, 8
2430, 51
2431, 69
2432, 77
2433, 84
2434, 88
2435, 11
2436, 14
2437, 18
2438, 16
2439, 6
2440, 12
2441, 89
2442, 82
2443, 56
2444, 63
2445, 46
2446, 68
2447, 59
2448, 72
2449, 16
2450, 64
2451, 59
2452, 55
2453, 80
2454, 97
2455, 26
2456, 41
2457, 96
2458, 40
2459, 4
2460, 55
2461, 88
2462, 31
2463, 35
2464, 92
2465, 18
2466, 18
2467, 83
2468, 60
2469, 39
2470, 37
2471, 72
2472, 12
2473, 17
2474, 81
2475, 17
2476, 49
2477, 79
2478, 63
2479, 68
2480, 80
2481, 49
2482, 50
2483, 35
2484, 76
2485, 32
2486, 75
2487, 42
2488, 36
2489, 36
2490, 51
2491, 96
2492, 96
2493, 96
2494, 52
2495, 66
2496, 75
2497, 54
2498, 23
2499, 93
2500, 23
2501, 12
2502, 14
2503, 2
2504, 27
2505, 87
2506, 36
2507, 42
2508, 45
2509, 14
2510, 71
2511, 2
2512, 79
2513, 66
2514, 68
2515, 45
2516, 84
2517, 66
2518, 14
2519, 1
2520, 52
2521, 56
2522, 69
2523, 36
2524, 23
2525, 23
2526, 62
2527, 69
2528, 13
2529, 67
2530, 36
2531, 81
2532, 57
2533, 4
2534, 4
2535, 40
2536, 26
2537, 96
2538, 31
2539, 35
2540, 95
2541, 60
2542, 16
2543, 7
2544, 46
2545, 59
2546, 50
2547, 2
2548, 5
2549, 66
2550, 61
2551, 73
2552, 60
2553, 36
2554, 2
2555, 84
2556, 41
2557, 56
2558, 99
2559, 46
2560, 51
2561, 92
2562, 40
2563, 51
2564, 50
2565, 44
2566, 18
2567, 58
2568, 73
2569, 55
2570, 10
2571, 30
2572, 6
2573, 82
2574, 7
2575, 11
2576, 28
2577, 67
2578, 35
2579, 4
2580, 2
2581, 66
2582, 9
2583, 43
2584, 38
2585, 23
2586, 41
2587, 56
2588, 97
2589, 24
2590, 70
2591, 7
2592, 51
2593, 18
2594, 69
2595, 50
2596, 87
2597, 57
2598, 76
2599, 23
2600, 24
2601, 51
2602, 42
2603, 29
2604, 89
2605, 8
2606, 36
2607, 74
2608, 73
2609, 57
2610, 21
2611, 57
2612, 31
2613, 4
2614, 20
2615, 23
2616, 24
2617, 96
2618, 45
2619, 15
2620, 17
2621, 46
2622, 50
2623, 92
2624, 53
2625, 48
2626, 12
2627, 18
2628, 34
2629, 4
2630, 4
2631, 12
2632, 91
2633, 86
2634, 99
2635, 81
2636, 33
2637, 16
2638, 48
2639, 49
2640, 94
2641, 2
2642, 82
2643, 36
2644, 12
2645, 76
2646, 5
2647, 43
2648, 12
2649, 96
2650, 42
2651, 66
2652, 45
2653, 10
2654, 79
2655, 40
2656, 96
2657, 55
2658, 27
2659, 90
2660, 33
2661, 60
2662, 20
2663, 0
2664, 12
2665, 75
2666, 43
2667, 55
2668, 4
2669, 46
2670, 0
2671, 73
2672, 35
2673, 31
2674, 25
2675, 27
2676, 71
2677, 0
2678, 83
2679, 17
2680, 12
2681, 32
2682, 34
2683, 79
2684, 75
2685, 91
2686, 4
2687, 83
2688, 44
2689, 50
2690, 1
2691, 43
2692, 49
2693, 18
2694, 9
2695, 94
2696, 4
2697, 79
2698, 11
2699, 99
2700, 94
2701, 17
2702, 60
2703, 27
2704, 43
2705, 49
2706, 59
2707, 17
2708, 30
2709, 59
2710, 96
2711, 95
2712, 43
2713, 96
2714, 27
2715, 32
2716, 10
2717, 2
2718, 23
2719, 15
2720, 38
2721, 75
2722, 15
2723, 85
2724, 11
2725, 37
2726, 79
2727, 84
2728, 35
2729, 4
2730, 60
2731, 10
2732, 73
2733, 4
2734, 54
2735, 46
2736, 41
2737, 14
2738, 81
2739, 23
2740, 71
2741, 15
2742, 55
2743, 1
2744, 64
2745, 74
2746, 57
2747, 22
2748, 50
2749, 90
2750, 91
2751, 53
2752, 14
2753, 34
2754, 55
2755, 28
2756, 6
2757, 19
2758, 46
2759, 20
2760, 94
2761, 96
2762, 45
2763, 21
2764, 59
2765, 60
2766, 62
2767, 77
2768, 80
2769, 86
2770, 12
2771, 27
2772, 33
2773, 10
2774, 5
2775, 48
2776, 10
2777, 81
2778, 31
2779, 91
2780, 21
2781, 18
2782, 70
2783, 95
2784, 68
2785, 47
2786, 21
2787, 97
2788, 12
2789, 35
2790, 73
2791, 15
2792, 50
2793, 73
2794, 76
2795, 73
2796, 25
2797, 29
2798, 6
2799, 76
2800, 63
2801, 38
2802, 94
2803, 99
2804, 35
2805, 79
2806, 8
2807, 60
2808, 25
2809, 79
2810, 16
2811, 69
2812, 36
2813, 34
2814, 75
2815, 42
2816, 40
2817, 87
2818, 65
2819, 21
2820, 80
2821, 40
2822, 43
2823, 59
2824, 55
2825, 44
2826, 35
2827, 79
2828, 51
2829, 25
2830, 95
2831, 87
2832, 28
2833, 55
2834, 93
2835, 6
2836, 58
2837, 85
2838, 33
2839, 56
2840, 73
2841, 10
2842, 57
2843, 49
2844, 80
2845, 60
2846, 76
2847, 10
2848, 96
2849, 23
2850, 62
2851, 17
2852, 75
2853, 7
2854, 55
2855, 34
2856, 24
2857, 57
2858, 33
2859, 50
2860, 85
2861, 62
2862, 66
2863, 59
2864, 7
2865, 58
2866, 98
2867, 64
2868, 39
2869, 98
2870, 74
2871, 4
2872, 58
2873, 4
2874, 84
2875, 74
2876, 83
2877, 7
2878, 38
2879, 39
2880, 87
2881, 11
2882, 44
2883, 23
2884, 46
2885, 49
2886, 24
2887, 36
2888, 32
2889, 18
2890, 76
2891, 40
2892, 82
2893, 14
2894, 78
2895, 87
2896, 15
2897, 47
2898, 74
2899, 71
2900, 4
2901, 51
2902, 14
2903, 13
2904, 7
2905, 62
2906, 46
2907, 80
2908, 63
2909, 97
2910, 33
2911, 94
2912, 11
2913, 90
2914, 96
2915, 16
2916, 26
2917, 59
2918, 21
2919, 53
2920, 16
2921, 92
2922, 32
2923, 31
2924, 65
2925, 48
2926, 42
2927, 12
2928, 92
2929, 56
2930, 96
2931, 18
2932, 60
2933, 84
2934, 85
2935, 75
2936, 36
2937, 99
2938, 43
2939, 25
2940, 50
2941, 76
2942, 83
2943, 47
2944, 94
2945, 59
2946, 32
2947, 7
2948, 18
2949, 13
2950, 73
2951, 73
2952, 15
2953, 46
2954, 83
2955, 71
2956, 40
2957, 85
2958, 55
2959, 59
2960, 35
2961, 57
2962, 94
2963, 37
2964, 70
2965, 41
2966, 12
2967, 73
2968, 67
2969, 56
2970, 35
2971, 56
2972, 48
2973, 38
2974, 1
2975, 21
2976, 97
2977, 94
2978, 28
2979, 6
2980, 60
2981, 7
2982, 98
2983, 60
2984, 34
2985, 23
2986, 0
2987, 18
2988, 85
2989, 28
2990, 66
2991, 83
2992, 96
2993, 81
2994, 1
2995, 99
2996, 96
2997, 13
2998, 75
2999, 87
3000, 92
