number, label
0001, 33
0002, 42
0003, 12
0004, 83
0005, 60
0006, 60
0007, 82
0008, 14
0009, 47
0010, 83
0011, 41
0012, 88
0013, 18
0014, 52
0015, 96
0016, 74
0017, 2
0018, 82
0019, 42
0020, 42
0021, 42
0022, 33
0023, 33
0024, 45
0025, 14
0026, 42
0027, 42
0028, 76
0029, 3
0030, 96
0031, 14
0032, 33
0033, 16
0034, 35
0035, 7
0036, 42
0037, 14
0038, 61
0039, 14
0040, 18
0041, 33
0042, 16
0043, 33
0044, 33
0045, 42
0046, 82
0047, 18
0048, 33
0049, 23
0050, 14
0051, 71
0052, 22
0053, 14
0054, 33
0055, 45
0056, 78
0057, 99
0058, 14
0059, 18
0060, 42
0061, 83
0062, 26
0063, 42
0064, 77
0065, 55
0066, 89
0067, 14
0068, 51
0069, 14
0070, 96
0071, 2
0072, 78
0073, 29
0074, 82
0075, 33
0076, 82
0077, 14
0078, 7
0079, 78
0080, 42
0081, 76
0082, 42
0083, 62
0084, 14
0085, 42
0086, 73
0087, 78
0088, 14
0089, 42
0090, 42
0091, 82
0092, 14
0093, 74
0094, 42
0095, 99
0096, 33
0097, 83
0098, 42
0099, 33
0100, 42
0101, 82
0102, 42
0103, 30
0104, 82
0105, 33
0106, 39
0107, 14
0108, 46
0109, 82
0110, 82
0111, 96
0112, 33
0113, 83
0114, 42
0115, 60
0116, 60
0117, 59
0118, 52
0119, 42
0120, 87
0121, 99
0122, 14
0123, 68
0124, 34
0125, 41
0126, 10
0127, 73
0128, 14
0129, 39
0130, 78
0131, 42
0132, 33
0133, 82
0134, 94
0135, 42
0136, 45
0137, 57
0138, 77
0139, 42
0140, 14
0141, 94
0142, 45
0143, 78
0144, 6
0145, 19
0146, 14
0147, 42
0148, 42
0149, 33
0150, 78
0151, 83
0152, 14
0153, 39
0154, 78
0155, 42
0156, 42
0157, 42
0158, 33
0159, 75
0160, 47
0161, 16
0162, 82
0163, 14
0164, 78
0165, 14
0166, 33
0167, 18
0168, 12
0169, 83
0170, 83
0171, 42
0172, 46
0173, 42
0174, 14
0175, 21
0176, 83
0177, 42
0178, 14
0179, 14
0180, 3
0181, 42
0182, 83
0183, 83
0184, 34
0185, 42
0186, 20
0187, 29
0188, 78
0189, 39
0190, 99
0191, 25
0192, 14
0193, 82
0194, 14
0195, 96
0196, 6
0197, 87
0198, 42
0199, 97
0200, 33
0201, 53
0202, 84
0203, 14
0204, 40
0205, 14
0206, 78
0207, 45
0208, 83
0209, 63
0210, 42
0211, 18
0212, 42
0213, 39
0214, 14
0215, 12
0216, 42
0217, 42
0218, 83
0219, 18
0220, 78
0221, 78
0222, 82
0223, 83
0224, 26
0225, 2
0226, 33
0227, 26
0228, 18
0229, 18
0230, 96
0231, 83
0232, 12
0233, 42
0234, 87
0235, 99
0236, 88
0237, 42
0238, 82
0239, 6
0240, 14
0241, 60
0242, 78
0243, 59
0244, 14
0245, 33
0246, 83
0247, 75
0248, 79
0249, 42
0250, 39
0251, 82
0252, 47
0253, 96
0254, 8
0255, 82
0256, 78
0257, 14
0258, 83
0259, 42
0260, 2
0261, 78
0262, 33
0263, 62
0264, 33
0265, 42
0266, 42
0267, 42
0268, 96
0269, 82
0270, 78
0271, 14
0272, 39
0273, 61
0274, 33
0275, 99
0276, 42
0277, 82
0278, 42
0279, 23
0280, 33
0281, 14
0282, 62
0283, 42
0284, 71
0285, 78
0286, 42
0287, 47
0288, 14
0289, 69
0290, 33
0291, 82
0292, 42
0293, 82
0294, 18
0295, 78
0296, 42
0297, 7
0298, 82
0299, 18
0300, 42
0301, 87
0302, 78
0303, 78
0304, 42
0305, 33
0306, 83
0307, 83
0308, 78
0309, 78
0310, 74
0311, 88
0312, 83
0313, 17
0314, 42
0315, 42
0316, 78
0317, 16
0318, 82
0319, 26
0320, 83
0321, 39
0322, 33
0323, 42
0324, 14
0325, 42
0326, 10
0327, 33
0328, 18
0329, 59
0330, 33
0331, 83
0332, 82
0333, 23
0334, 82
0335, 96
0336, 42
0337, 42
0338, 33
0339, 83
0340, 78
0341, 48
0342, 14
0343, 42
0344, 33
0345, 42
0346, 12
0347, 28
0348, 42
0349, 22
0350, 82
0351, 83
0352, 10
0353, 82
0354, 70
0355, 39
0356, 83
0357, 60
0358, 42
0359, 33
0360, 14
0361, 37
0362, 42
0363, 42
0364, 45
0365, 83
0366, 42
0367, 79
0368, 83
0369, 42
0370, 14
0371, 18
0372, 23
0373, 82
0374, 34
0375, 9
0376, 99
0377, 53
0378, 74
0379, 59
0380, 82
0381, 4
0382, 42
0383, 89
0384, 37
0385, 49
0386, 42
0387, 45
0388, 12
0389, 33
0390, 22
0391, 81
0392, 42
0393, 45
0394, 33
0395, 39
0396, 91
0397, 18
0398, 42
0399, 74
0400, 82
0401, 78
0402, 14
0403, 42
0404, 83
0405, 23
0406, 42
0407, 40
0408, 33
0409, 23
0410, 47
0411, 10
0412, 42
0413, 83
0414, 59
0415, 42
0416, 39
0417, 18
0418, 94
0419, 18
0420, 99
0421, 42
0422, 47
0423, 2
0424, 33
0425, 61
0426, 18
0427, 14
0428, 42
0429, 88
0430, 18
0431, 42
0432, 48
0433, 42
0434, 42
0435, 22
0436, 42
0437, 21
0438, 4
0439, 78
0440, 39
0441, 42
0442, 42
0443, 74
0444, 39
0445, 42
0446, 78
0447, 82
0448, 18
0449, 14
0450, 82
0451, 14
0452, 74
0453, 42
0454, 42
0455, 47
0456, 16
0457, 42
0458, 42
0459, 55
0460, 78
0461, 33
0462, 82
0463, 39
0464, 3
0465, 42
0466, 80
0467, 60
0468, 78
0469, 25
0470, 42
0471, 72
0472, 72
0473, 92
0474, 89
0475, 78
0476, 89
0477, 78
0478, 42
0479, 42
0480, 42
0481, 28
0482, 42
0483, 83
0484, 42
0485, 82
0486, 42
0487, 42
0488, 14
0489, 18
0490, 14
0491, 92
0492, 42
0493, 5
0494, 18
0495, 70
0496, 40
0497, 59
0498, 78
0499, 10
0500, 82
0501, 12
0502, 87
0503, 82
0504, 42
0505, 53
0506, 80
0507, 83
0508, 78
0509, 78
0510, 10
0511, 14
0512, 82
0513, 65
0514, 23
0515, 78
0516, 59
0517, 13
0518, 96
0519, 14
0520, 23
0521, 96
0522, 33
0523, 89
0524, 42
0525, 83
0526, 42
0527, 42
0528, 45
0529, 14
0530, 25
0531, 82
0532, 84
0533, 79
0534, 42
0535, 33
0536, 42
0537, 39
0538, 42
0539, 33
0540, 18
0541, 42
0542, 81
0543, 33
0544, 12
0545, 33
0546, 7
0547, 78
0548, 42
0549, 60
0550, 42
0551, 78
0552, 74
0553, 78
0554, 71
0555, 83
0556, 59
0557, 39
0558, 42
0559, 42
0560, 83
0561, 42
0562, 78
0563, 14
0564, 33
0565, 71
0566, 96
0567, 23
0568, 82
0569, 78
0570, 82
0571, 14
0572, 12
0573, 83
0574, 18
0575, 8
0576, 21
0577, 58
0578, 42
0579, 2
0580, 14
0581, 78
0582, 59
0583, 42
0584, 42
0585, 42
0586, 42
0587, 33
0588, 42
0589, 92
0590, 87
0591, 83
0592, 5
0593, 42
0594, 18
0595, 42
0596, 45
0597, 14
0598, 78
0599, 3
0600, 11
0601, 25
0602, 82
0603, 16
0604, 42
0605, 42
0606, 42
0607, 92
0608, 96
0609, 61
0610, 88
0611, 14
0612, 89
0613, 42
0614, 96
0615, 42
0616, 78
0617, 71
0618, 42
0619, 82
0620, 42
0621, 42
0622, 53
0623, 82
0624, 74
0625, 33
0626, 90
0627, 42
0628, 42
0629, 96
0630, 79
0631, 44
0632, 12
0633, 82
0634, 42
0635, 33
0636, 42
0637, 22
0638, 78
0639, 78
0640, 18
0641, 78
0642, 82
0643, 42
0644, 82
0645, 91
0646, 18
0647, 83
0648, 46
0649, 96
0650, 33
0651, 14
0652, 83
0653, 14
0654, 82
0655, 52
0656, 40
0657, 89
0658, 14
0659, 83
0660, 3
0661, 82
0662, 42
0663, 42
0664, 12
0665, 18
0666, 71
0667, 59
0668, 88
0669, 82
0670, 82
0671, 9
0672, 6
0673, 14
0674, 82
0675, 47
0676, 33
0677, 67
0678, 51
0679, 83
0680, 42
0681, 42
0682, 83
0683, 78
0684, 42
0685, 83
0686, 14
0687, 18
0688, 42
0689, 77
0690, 42
0691, 14
0692, 82
0693, 59
0694, 33
0695, 47
0696, 83
0697, 23
0698, 6
0699, 82
0700, 78
0701, 14
0702, 17
0703, 15
0704, 42
0705, 82
0706, 79
0707, 78
0708, 18
0709, 79
0710, 28
0711, 45
0712, 48
0713, 42
0714, 18
0715, 14
0716, 42
0717, 94
0718, 83
0719, 22
0720, 88
0721, 33
0722, 42
0723, 63
0724, 42
0725, 42
0726, 78
0727, 33
0728, 18
0729, 83
0730, 78
0731, 42
0732, 48
0733, 27
0734, 29
0735, 28
0736, 42
0737, 33
0738, 18
0739, 25
0740, 83
0741, 82
0742, 42
0743, 33
0744, 42
0745, 33
0746, 42
0747, 78
0748, 6
0749, 18
0750, 14
0751, 20
0752, 82
0753, 42
0754, 82
0755, 42
0756, 83
0757, 42
0758, 42
0759, 42
0760, 96
0761, 83
0762, 42
0763, 2
0764, 83
0765, 14
0766, 33
0767, 42
0768, 96
0769, 45
0770, 96
0771, 42
0772, 42
0773, 42
0774, 42
0775, 68
0776, 33
0777, 39
0778, 78
0779, 83
0780, 14
0781, 42
0782, 88
0783, 42
0784, 82
0785, 42
0786, 33
0787, 33
0788, 14
0789, 14
0790, 72
0791, 82
0792, 96
0793, 42
0794, 33
0795, 61
0796, 42
0797, 96
0798, 59
0799, 78
0800, 42
0801, 33
0802, 33
0803, 28
0804, 33
0805, 14
0806, 78
0807, 14
0808, 42
0809, 94
0810, 83
0811, 42
0812, 42
0813, 33
0814, 74
0815, 96
0816, 78
0817, 14
0818, 40
0819, 42
0820, 42
0821, 33
0822, 45
0823, 78
0824, 42
0825, 42
0826, 25
0827, 89
0828, 82
0829, 47
0830, 71
0831, 42
0832, 7
0833, 39
0834, 22
0835, 18
0836, 78
0837, 42
0838, 42
0839, 42
0840, 94
0841, 99
0842, 18
0843, 78
0844, 42
0845, 42
0846, 78
0847, 33
0848, 42
0849, 96
0850, 14
0851, 78
0852, 83
0853, 83
0854, 14
0855, 82
0856, 14
0857, 23
0858, 22
0859, 59
0860, 78
0861, 18
0862, 9
0863, 42
0864, 4
0865, 42
0866, 82
0867, 82
0868, 42
0869, 16
0870, 96
0871, 7
0872, 20
0873, 33
0874, 78
0875, 14
0876, 90
0877, 42
0878, 42
0879, 42
0880, 14
0881, 42
0882, 3
0883, 54
0884, 82
0885, 94
0886, 42
0887, 62
0888, 42
0889, 83
0890, 78
0891, 18
0892, 14
0893, 42
0894, 42
0895, 78
0896, 42
0897, 14
0898, 96
0899, 42
0900, 59
0901, 83
0902, 42
0903, 14
0904, 12
0905, 96
0906, 14
0907, 14
0908, 42
0909, 14
0910, 16
0911, 42
0912, 29
0913, 42
0914, 42
0915, 18
0916, 72
0917, 83
0918, 14
0919, 33
0920, 73
0921, 78
0922, 42
0923, 16
0924, 82
0925, 82
0926, 82
0927, 42
0928, 6
0929, 9
0930, 53
0931, 68
0932, 42
0933, 18
0934, 27
0935, 82
0936, 29
0937, 42
0938, 78
0939, 90
0940, 94
0941, 42
0942, 15
0943, 71
0944, 42
0945, 6
0946, 78
0947, 42
0948, 45
0949, 99
0950, 70
0951, 42
0952, 33
0953, 14
0954, 99
0955, 29
0956, 26
0957, 78
0958, 99
0959, 39
0960, 83
0961, 82
0962, 42
0963, 42
0964, 33
0965, 88
0966, 69
0967, 78
0968, 23
0969, 57
0970, 48
0971, 12
0972, 42
0973, 78
0974, 12
0975, 18
0976, 10
0977, 25
0978, 82
0979, 42
0980, 42
0981, 42
0982, 94
0983, 33
0984, 42
0985, 78
0986, 42
0987, 33
0988, 18
0989, 82
0990, 14
0991, 33
0992, 42
0993, 42
0994, 82
0995, 42
0996, 82
0997, 42
0998, 33
0999, 7
1000, 82
1001, 33
1002, 42
1003, 62
1004, 42
1005, 82
1006, 13
1007, 42
1008, 20
1009, 82
1010, 25
1011, 60
1012, 23
1013, 39
1014, 71
1015, 78
1016, 42
1017, 38
1018, 71
1019, 42
1020, 14
1021, 82
1022, 91
1023, 82
1024, 33
1025, 42
1026, 39
1027, 33
1028, 42
1029, 59
1030, 96
1031, 47
1032, 41
1033, 42
1034, 47
1035, 74
1036, 42
1037, 14
1038, 78
1039, 42
1040, 25
1041, 48
1042, 8
1043, 42
1044, 48
1045, 79
1046, 42
1047, 14
1048, 42
1049, 3
1050, 33
1051, 33
1052, 83
1053, 58
1054, 6
1055, 25
1056, 18
1057, 69
1058, 83
1059, 14
1060, 78
1061, 18
1062, 78
1063, 82
1064, 18
1065, 14
1066, 83
1067, 39
1068, 68
1069, 59
1070, 18
1071, 42
1072, 33
1073, 83
1074, 71
1075, 60
1076, 83
1077, 8
1078, 89
1079, 83
1080, 56
1081, 89
1082, 82
1083, 42
1084, 94
1085, 5
1086, 12
1087, 42
1088, 42
1089, 33
1090, 42
1091, 93
1092, 18
1093, 12
1094, 78
1095, 82
1096, 45
1097, 33
1098, 82
1099, 61
1100, 33
1101, 78
1102, 14
1103, 33
1104, 42
1105, 42
1106, 42
1107, 40
1108, 33
1109, 59
1110, 83
1111, 94
1112, 63
1113, 88
1114, 87
1115, 42
1116, 39
1117, 78
1118, 82
1119, 94
1120, 42
1121, 10
1122, 69
1123, 95
1124, 26
1125, 47
1126, 42
1127, 18
1128, 42
1129, 8
1130, 21
1131, 93
1132, 42
1133, 82
1134, 96
1135, 82
1136, 87
1137, 33
1138, 83
1139, 4
1140, 42
1141, 42
1142, 8
1143, 78
1144, 9
1145, 42
1146, 78
1147, 92
1148, 10
1149, 16
1150, 78
1151, 52
1152, 83
1153, 96
1154, 42
1155, 33
1156, 82
1157, 78
1158, 14
1159, 14
1160, 42
1161, 99
1162, 33
1163, 42
1164, 59
1165, 14
1166, 82
1167, 42
1168, 63
1169, 33
1170, 42
1171, 18
1172, 42
1173, 59
1174, 33
1175, 42
1176, 82
1177, 14
1178, 42
1179, 18
1180, 88
1181, 42
1182, 42
1183, 83
1184, 42
1185, 18
1186, 94
1187, 78
1188, 89
1189, 5
1190, 82
1191, 42
1192, 78
1193, 2
1194, 14
1195, 83
1196, 42
1197, 59
1198, 14
1199, 14
1200, 68
1201, 74
1202, 78
1203, 26
1204, 42
1205, 45
1206, 18
1207, 14
1208, 99
1209, 37
1210, 96
1211, 83
1212, 42
1213, 79
1214, 42
1215, 33
1216, 33
1217, 96
1218, 82
1219, 78
1220, 18
1221, 27
1222, 47
1223, 42
1224, 33
1225, 83
1226, 6
1227, 95
1228, 33
1229, 60
1230, 98
1231, 82
1232, 42
1233, 40
1234, 21
1235, 2
1236, 73
1237, 42
1238, 78
1239, 23
1240, 24
1241, 42
1242, 83
1243, 82
1244, 82
1245, 4
1246, 47
1247, 42
1248, 14
1249, 42
1250, 17
1251, 33
1252, 59
1253, 60
1254, 18
1255, 78
1256, 14
1257, 45
1258, 78
1259, 33
1260, 42
1261, 63
1262, 12
1263, 83
1264, 42
1265, 29
1266, 42
1267, 6
1268, 78
1269, 42
1270, 87
1271, 79
1272, 12
1273, 78
1274, 78
1275, 42
1276, 42
1277, 76
1278, 25
1279, 72
1280, 42
1281, 26
1282, 87
1283, 42
1284, 78
1285, 29
1286, 42
1287, 82
1288, 42
1289, 78
1290, 33
1291, 42
1292, 47
1293, 30
1294, 82
1295, 37
1296, 42
1297, 58
1298, 88
1299, 83
1300, 83
1301, 67
1302, 67
1303, 50
1304, 42
1305, 42
1306, 99
1307, 2
1308, 42
1309, 25
1310, 22
1311, 14
1312, 14
1313, 83
1314, 82
1315, 1
1316, 78
1317, 83
1318, 39
1319, 45
1320, 12
1321, 78
1322, 71
1323, 82
1324, 88
1325, 20
1326, 20
1327, 73
1328, 57
1329, 89
1330, 20
1331, 33
1332, 82
1333, 42
1334, 42
1335, 42
1336, 42
1337, 78
1338, 42
1339, 14
1340, 23
1341, 60
1342, 78
1343, 69
1344, 96
1345, 39
1346, 33
1347, 83
1348, 86
1349, 42
1350, 83
1351, 78
1352, 55
1353, 18
1354, 33
1355, 42
1356, 98
1357, 90
1358, 33
1359, 83
1360, 47
1361, 42
1362, 14
1363, 45
1364, 14
1365, 42
1366, 42
1367, 42
1368, 91
1369, 82
1370, 82
1371, 78
1372, 6
1373, 42
1374, 6
1375, 42
1376, 50
1377, 42
1378, 14
1379, 21
1380, 96
1381, 78
1382, 78
1383, 42
1384, 82
1385, 96
1386, 71
1387, 45
1388, 83
1389, 78
1390, 60
1391, 14
1392, 96
1393, 48
1394, 14
1395, 82
1396, 23
1397, 89
1398, 85
1399, 6
1400, 42
1401, 29
1402, 42
1403, 78
1404, 6
1405, 42
1406, 40
1407, 83
1408, 10
1409, 78
1410, 55
1411, 78
1412, 42
1413, 59
1414, 55
1415, 33
1416, 14
1417, 69
1418, 69
1419, 33
1420, 16
1421, 23
1422, 42
1423, 47
1424, 47
1425, 25
1426, 97
1427, 78
1428, 38
1429, 82
1430, 9
1431, 42
1432, 18
1433, 59
1434, 42
1435, 42
1436, 33
1437, 29
1438, 14
1439, 12
1440, 42
1441, 60
1442, 45
1443, 14
1444, 82
1445, 83
1446, 14
1447, 28
1448, 18
1449, 39
1450, 25
1451, 12
1452, 83
1453, 82
1454, 78
1455, 42
1456, 96
1457, 42
1458, 83
1459, 33
1460, 60
1461, 33
1462, 80
1463, 14
1464, 42
1465, 83
1466, 82
1467, 74
1468, 55
1469, 82
1470, 78
1471, 42
1472, 40
1473, 42
1474, 45
1475, 82
1476, 42
1477, 85
1478, 96
1479, 23
1480, 42
1481, 45
1482, 33
1483, 42
1484, 94
1485, 33
1486, 63
1487, 82
1488, 42
1489, 14
1490, 26
1491, 78
1492, 79
1493, 15
1494, 62
1495, 82
1496, 78
1497, 33
1498, 42
1499, 14
1500, 58
1501, 30
1502, 68
1503, 96
1504, 14
1505, 78
1506, 42
1507, 42
1508, 83
1509, 75
1510, 82
1511, 14
1512, 82
1513, 83
1514, 42
1515, 39
1516, 82
1517, 78
1518, 78
1519, 48
1520, 4
1521, 33
1522, 39
1523, 18
1524, 25
1525, 42
1526, 42
1527, 72
1528, 82
1529, 33
1530, 14
1531, 69
1532, 42
1533, 42
1534, 42
1535, 61
1536, 79
1537, 18
1538, 6
1539, 29
1540, 80
1541, 33
1542, 42
1543, 96
1544, 87
1545, 33
1546, 70
1547, 87
1548, 14
1549, 18
1550, 42
1551, 25
1552, 84
1553, 42
1554, 42
1555, 45
1556, 12
1557, 42
1558, 59
1559, 78
1560, 17
1561, 39
1562, 60
1563, 33
1564, 14
1565, 39
1566, 78
1567, 42
1568, 82
1569, 12
1570, 96
1571, 14
1572, 9
1573, 28
1574, 42
1575, 14
1576, 12
1577, 42
1578, 39
1579, 42
1580, 42
1581, 6
1582, 74
1583, 12
1584, 82
1585, 87
1586, 83
1587, 78
1588, 83
1589, 83
1590, 83
1591, 8
1592, 78
1593, 42
1594, 83
1595, 78
1596, 45
1597, 42
1598, 42
1599, 96
1600, 82
1601, 96
1602, 78
1603, 42
1604, 29
1605, 63
1606, 78
1607, 56
1608, 78
1609, 60
1610, 42
1611, 42
1612, 83
1613, 79
1614, 42
1615, 86
1616, 33
1617, 33
1618, 42
1619, 82
1620, 94
1621, 42
1622, 33
1623, 42
1624, 78
1625, 18
1626, 2
1627, 45
1628, 18
1629, 96
1630, 39
1631, 42
1632, 78
1633, 42
1634, 42
1635, 42
1636, 96
1637, 82
1638, 6
1639, 42
1640, 28
1641, 94
1642, 14
1643, 42
1644, 60
1645, 14
1646, 22
1647, 83
1648, 18
1649, 14
1650, 82
1651, 82
1652, 42
1653, 96
1654, 62
1655, 42
1656, 16
1657, 42
1658, 42
1659, 45
1660, 82
1661, 78
1662, 71
1663, 18
1664, 42
1665, 18
1666, 47
1667, 28
1668, 12
1669, 89
1670, 42
1671, 94
1672, 82
1673, 71
1674, 82
1675, 6
1676, 14
1677, 28
1678, 14
1679, 57
1680, 99
1681, 33
1682, 18
1683, 33
1684, 18
1685, 18
1686, 45
1687, 49
1688, 55
1689, 77
1690, 42
1691, 83
1692, 82
1693, 33
1694, 42
1695, 78
1696, 79
1697, 42
1698, 20
1699, 60
1700, 42
1701, 82
1702, 82
1703, 6
1704, 42
1705, 82
1706, 42
1707, 42
1708, 83
1709, 42
1710, 16
1711, 63
1712, 67
1713, 25
1714, 73
1715, 42
1716, 74
1717, 9
1718, 12
1719, 14
1720, 60
1721, 6
1722, 83
1723, 42
1724, 83
1725, 42
1726, 78
1727, 16
1728, 53
1729, 45
1730, 42
1731, 47
1732, 39
1733, 42
1734, 14
1735, 25
1736, 41
1737, 44
1738, 4
1739, 72
1740, 83
1741, 42
1742, 42
1743, 82
1744, 91
1745, 42
1746, 71
1747, 28
1748, 18
1749, 42
1750, 42
1751, 42
1752, 82
1753, 47
1754, 42
1755, 83
1756, 16
1757, 33
1758, 14
1759, 12
1760, 82
1761, 14
1762, 59
1763, 42
1764, 82
1765, 33
1766, 9
1767, 15
1768, 16
1769, 82
1770, 92
1771, 42
1772, 96
1773, 16
1774, 10
1775, 78
1776, 87
1777, 26
1778, 82
1779, 74
1780, 33
1781, 78
1782, 76
1783, 79
1784, 42
1785, 96
1786, 42
1787, 42
1788, 42
1789, 33
1790, 42
1791, 42
1792, 56
1793, 96
1794, 83
1795, 28
1796, 42
1797, 94
1798, 42
1799, 42
1800, 7
1801, 82
1802, 18
1803, 47
1804, 42
1805, 82
1806, 82
1807, 82
1808, 42
1809, 78
1810, 45
1811, 42
1812, 42
1813, 14
1814, 78
1815, 42
1816, 78
1817, 42
1818, 14
1819, 6
1820, 83
1821, 22
1822, 42
1823, 14
1824, 12
1825, 83
1826, 45
1827, 14
1828, 42
1829, 23
1830, 82
1831, 96
1832, 18
1833, 68
1834, 83
1835, 33
1836, 42
1837, 42
1838, 78
1839, 63
1840, 6
1841, 42
1842, 78
1843, 44
1844, 78
1845, 96
1846, 28
1847, 78
1848, 39
1849, 83
1850, 88
1851, 14
1852, 79
1853, 14
1854, 76
1855, 8
1856, 45
1857, 78
1858, 53
1859, 59
1860, 78
1861, 71
1862, 99
1863, 78
1864, 14
1865, 39
1866, 78
1867, 40
1868, 39
1869, 61
1870, 78
1871, 82
1872, 42
1873, 42
1874, 18
1875, 82
1876, 33
1877, 82
1878, 78
1879, 21
1880, 14
1881, 82
1882, 60
1883, 78
1884, 23
1885, 42
1886, 79
1887, 42
1888, 59
1889, 67
1890, 89
1891, 33
1892, 57
1893, 12
1894, 60
1895, 96
1896, 60
1897, 42
1898, 88
1899, 39
1900, 78
1901, 82
1902, 2
1903, 14
1904, 20
1905, 42
1906, 33
1907, 48
1908, 83
1909, 96
1910, 42
1911, 6
1912, 96
1913, 42
1914, 60
1915, 28
1916, 33
1917, 78
1918, 87
1919, 33
1920, 88
1921, 83
1922, 42
1923, 33
1924, 61
1925, 91
1926, 22
1927, 42
1928, 82
1929, 74
1930, 83
1931, 16
1932, 37
1933, 14
1934, 60
1935, 42
1936, 42
1937, 78
1938, 33
1939, 53
1940, 12
1941, 33
1942, 83
1943, 60
1944, 14
1945, 82
1946, 14
1947, 42
1948, 42
1949, 89
1950, 82
1951, 82
1952, 83
1953, 99
1954, 74
1955, 42
1956, 12
1957, 18
1958, 14
1959, 60
1960, 42
1961, 33
1962, 33
1963, 42
1964, 39
1965, 79
1966, 82
1967, 42
1968, 42
1969, 33
1970, 4
1971, 14
1972, 45
1973, 42
1974, 16
1975, 33
1976, 42
1977, 53
1978, 14
1979, 83
1980, 94
1981, 82
1982, 73
1983, 18
1984, 82
1985, 45
1986, 74
1987, 14
1988, 82
1989, 8
1990, 96
1991, 42
1992, 42
1993, 42
1994, 42
1995, 60
1996, 82
1997, 47
1998, 14
1999, 33
2000, 71
2001, 42
2002, 42
2003, 42
2004, 91
2005, 33
2006, 2
2007, 46
2008, 42
2009, 42
2010, 14
2011, 2
2012, 18
2013, 63
2014, 52
2015, 69
2016, 39
2017, 78
2018, 78
2019, 89
2020, 83
2021, 14
2022, 45
2023, 42
2024, 42
2025, 88
2026, 78
2027, 83
2028, 83
2029, 83
2030, 40
2031, 42
2032, 35
2033, 42
2034, 16
2035, 88
2036, 75
2037, 42
2038, 42
2039, 83
2040, 41
2041, 42
2042, 26
2043, 42
2044, 57
2045, 27
2046, 99
2047, 33
2048, 14
2049, 42
2050, 78
2051, 10
2052, 14
2053, 83
2054, 53
2055, 27
2056, 33
2057, 42
2058, 91
2059, 83
2060, 45
2061, 25
2062, 78
2063, 79
2064, 14
2065, 6
2066, 78
2067, 42
2068, 33
2069, 23
2070, 74
2071, 42
2072, 42
2073, 42
2074, 42
2075, 42
2076, 83
2077, 89
2078, 83
2079, 78
2080, 42
2081, 78
2082, 78
2083, 83
2084, 79
2085, 96
2086, 42
2087, 33
2088, 33
2089, 83
2090, 14
2091, 78
2092, 91
2093, 96
2094, 5
2095, 83
2096, 42
2097, 42
2098, 83
2099, 83
2100, 82
2101, 94
2102, 42
2103, 83
2104, 14
2105, 33
2106, 23
2107, 42
2108, 87
2109, 42
2110, 96
2111, 42
2112, 42
2113, 96
2114, 42
2115, 14
2116, 71
2117, 67
2118, 42
2119, 42
2120, 42
2121, 2
2122, 33
2123, 85
2124, 14
2125, 42
2126, 44
2127, 9
2128, 42
2129, 78
2130, 14
2131, 14
2132, 42
2133, 42
2134, 10
2135, 33
2136, 33
2137, 42
2138, 47
2139, 25
2140, 83
2141, 14
2142, 83
2143, 14
2144, 74
2145, 90
2146, 89
2147, 33
2148, 42
2149, 71
2150, 78
2151, 82
2152, 23
2153, 42
2154, 18
2155, 42
2156, 42
2157, 96
2158, 7
2159, 42
2160, 88
2161, 94
2162, 42
2163, 18
2164, 33
2165, 14
2166, 82
2167, 82
2168, 14
2169, 14
2170, 82
2171, 63
2172, 23
2173, 42
2174, 68
2175, 42
2176, 83
2177, 42
2178, 96
2179, 83
2180, 82
2181, 42
2182, 67
2183, 79
2184, 73
2185, 15
2186, 82
2187, 92
2188, 14
2189, 39
2190, 18
2191, 83
2192, 82
2193, 42
2194, 40
2195, 78
2196, 14
2197, 42
2198, 33
2199, 18
2200, 29
2201, 48
2202, 42
2203, 42
2204, 14
2205, 14
2206, 2
2207, 16
2208, 26
2209, 14
2210, 96
2211, 59
2212, 83
2213, 89
2214, 60
2215, 5
2216, 88
2217, 81
2218, 67
2219, 14
2220, 18
2221, 33
2222, 70
2223, 74
2224, 33
2225, 20
2226, 25
2227, 78
2228, 83
2229, 94
2230, 83
2231, 83
2232, 78
2233, 78
2234, 67
2235, 14
2236, 76
2237, 25
2238, 71
2239, 87
2240, 12
2241, 14
2242, 96
2243, 78
2244, 3
2245, 94
2246, 42
2247, 42
2248, 31
2249, 57
2250, 42
2251, 14
2252, 42
2253, 78
2254, 52
2255, 78
2256, 33
2257, 14
2258, 60
2259, 42
2260, 78
2261, 42
2262, 16
2263, 14
2264, 14
2265, 83
2266, 33
2267, 42
2268, 18
2269, 89
2270, 22
2271, 78
2272, 94
2273, 16
2274, 47
2275, 0
2276, 42
2277, 0
2278, 28
2279, 33
2280, 25
2281, 47
2282, 42
2283, 23
2284, 42
2285, 40
2286, 42
2287, 83
2288, 78
2289, 33
2290, 9
2291, 42
2292, 42
2293, 23
2294, 50
2295, 59
2296, 10
2297, 14
2298, 42
2299, 42
2300, 42
2301, 23
2302, 96
2303, 14
2304, 89
2305, 39
2306, 6
2307, 33
2308, 49
2309, 42
2310, 12
2311, 83
2312, 33
2313, 18
2314, 82
2315, 9
2316, 82
2317, 14
2318, 83
2319, 83
2320, 99
2321, 83
2322, 14
2323, 69
2324, 42
2325, 25
2326, 18
2327, 42
2328, 42
2329, 20
2330, 14
2331, 78
2332, 63
2333, 42
2334, 78
2335, 55
2336, 99
2337, 41
2338, 82
2339, 82
2340, 96
2341, 42
2342, 42
2343, 78
2344, 27
2345, 42
2346, 78
2347, 42
2348, 82
2349, 98
2350, 42
2351, 83
2352, 82
2353, 18
2354, 68
2355, 83
2356, 18
2357, 7
2358, 9
2359, 33
2360, 82
2361, 42
2362, 42
2363, 96
2364, 99
2365, 53
2366, 42
2367, 94
2368, 82
2369, 72
2370, 80
2371, 33
2372, 18
2373, 42
2374, 21
2375, 83
2376, 42
2377, 78
2378, 96
2379, 96
2380, 82
2381, 14
2382, 4
2383, 9
2384, 33
2385, 33
2386, 45
2387, 14
2388, 78
2389, 82
2390, 94
2391, 82
2392, 45
2393, 92
2394, 42
2395, 82
2396, 17
2397, 78
2398, 33
2399, 25
2400, 78
2401, 42
2402, 88
2403, 19
2404, 88
2405, 78
2406, 56
2407, 78
2408, 29
2409, 42
2410, 69
2411, 87
2412, 82
2413, 14
2414, 33
2415, 78
2416, 42
2417, 82
2418, 33
2419, 5
2420, 74
2421, 42
2422, 18
2423, 92
2424, 42
2425, 82
2426, 42
2427, 39
2428, 18
2429, 18
2430, 42
2431, 33
2432, 7
2433, 6
2434, 78
2435, 14
2436, 42
2437, 83
2438, 56
2439, 84
2440, 42
2441, 82
2442, 82
2443, 45
2444, 42
2445, 6
2446, 26
2447, 96
2448, 42
2449, 70
2450, 14
2451, 96
2452, 41
2453, 42
2454, 59
2455, 82
2456, 42
2457, 60
2458, 40
2459, 26
2460, 7
2461, 82
2462, 14
2463, 14
2464, 82
2465, 82
2466, 18
2467, 39
2468, 94
2469, 42
2470, 42
2471, 42
2472, 12
2473, 82
2474, 82
2475, 4
2476, 83
2477, 87
2478, 42
2479, 37
2480, 42
2481, 45
2482, 6
2483, 14
2484, 76
2485, 29
2486, 14
2487, 42
2488, 88
2489, 2
2490, 42
2491, 18
2492, 78
2493, 26
2494, 33
2495, 78
2496, 14
2497, 39
2498, 33
2499, 82
2500, 18
2501, 83
2502, 42
2503, 82
2504, 42
2505, 87
2506, 14
2507, 42
2508, 6
2509, 14
2510, 40
2511, 14
2512, 18
2513, 83
2514, 18
2515, 39
2516, 94
2517, 33
2518, 79
2519, 18
2520, 47
2521, 42
2522, 14
2523, 87
2524, 22
2525, 59
2526, 92
2527, 6
2528, 42
2529, 67
2530, 78
2531, 83
2532, 6
2533, 18
2534, 14
2535, 42
2536, 42
2537, 33
2538, 14
2539, 14
2540, 41
2541, 4
2542, 83
2543, 33
2544, 2
2545, 47
2546, 42
2547, 47
2548, 33
2549, 18
2550, 10
2551, 78
2552, 4
2553, 42
2554, 14
2555, 42
2556, 67
2557, 7
2558, 14
2559, 14
2560, 82
2561, 74
2562, 40
2563, 23
2564, 7
2565, 39
2566, 82
2567, 83
2568, 1
2569, 42
2570, 82
2571, 95
2572, 33
2573, 39
2574, 33
2575, 42
2576, 28
2577, 62
2578, 78
2579, 42
2580, 18
2581, 82
2582, 9
2583, 39
2584, 96
2585, 14
2586, 42
2587, 42
2588, 82
2589, 78
2590, 82
2591, 39
2592, 25
2593, 78
2594, 18
2595, 42
2596, 48
2597, 89
2598, 33
2599, 92
2600, 82
2601, 14
2602, 42
2603, 29
2604, 82
2605, 59
2606, 42
2607, 33
2608, 6
2609, 53
2610, 23
2611, 18
2612, 42
2613, 72
2614, 44
2615, 23
2616, 42
2617, 47
2618, 78
2619, 48
2620, 42
2621, 78
2622, 18
2623, 39
2624, 53
2625, 42
2626, 69
2627, 42
2628, 16
2629, 78
2630, 42
2631, 42
2632, 14
2633, 42
2634, 42
2635, 16
2636, 33
2637, 16
2638, 63
2639, 82
2640, 94
2641, 2
2642, 42
2643, 62
2644, 2
2645, 14
2646, 16
2647, 96
2648, 96
2649, 59
2650, 82
2651, 14
2652, 39
2653, 78
2654, 42
2655, 40
2656, 96
2657, 42
2658, 42
2659, 8
2660, 33
2661, 71
2662, 20
2663, 0
2664, 42
2665, 42
2666, 82
2667, 82
2668, 83
2669, 14
2670, 83
2671, 39
2672, 42
2673, 82
2674, 45
2675, 78
2676, 60
2677, 83
2678, 80
2679, 17
2680, 83
2681, 33
2682, 42
2683, 33
2684, 33
2685, 82
2686, 83
2687, 82
2688, 96
2689, 48
2690, 82
2691, 82
2692, 23
2693, 78
2694, 94
2695, 94
2696, 82
2697, 79
2698, 2
2699, 76
2700, 83
2701, 14
2702, 52
2703, 14
2704, 99
2705, 49
2706, 42
2707, 18
2708, 44
2709, 82
2710, 42
2711, 18
2712, 21
2713, 83
2714, 47
2715, 14
2716, 42
2717, 83
2718, 42
2719, 0
2720, 78
2721, 42
2722, 42
2723, 33
2724, 42
2725, 12
2726, 33
2727, 84
2728, 82
2729, 14
2730, 60
2731, 70
2732, 42
2733, 83
2734, 82
2735, 18
2736, 82
2737, 33
2738, 84
2739, 5
2740, 71
2741, 42
2742, 14
2743, 99
2744, 42
2745, 42
2746, 78
2747, 4
2748, 45
2749, 90
2750, 82
2751, 96
2752, 14
2753, 42
2754, 14
2755, 79
2756, 82
2757, 82
2758, 78
2759, 25
2760, 33
2761, 45
2762, 42
2763, 14
2764, 45
2765, 12
2766, 83
2767, 78
2768, 42
2769, 22
2770, 33
2771, 47
2772, 33
2773, 83
2774, 84
2775, 42
2776, 16
2777, 96
2778, 42
2779, 91
2780, 82
2781, 82
2782, 82
2783, 95
2784, 12
2785, 33
2786, 42
2787, 42
2788, 12
2789, 42
2790, 21
2791, 42
2792, 42
2793, 14
2794, 14
2795, 14
2796, 25
2797, 33
2798, 83
2799, 81
2800, 78
2801, 97
2802, 1
2803, 99
2804, 42
2805, 79
2806, 42
2807, 60
2808, 20
2809, 18
2810, 33
2811, 4
2812, 21
2813, 82
2814, 78
2815, 42
2816, 67
2817, 87
2818, 78
2819, 42
2820, 33
2821, 14
2822, 82
2823, 47
2824, 82
2825, 42
2826, 42
2827, 96
2828, 78
2829, 25
2830, 45
2831, 64
2832, 28
2833, 96
2834, 6
2835, 96
2836, 33
2837, 42
2838, 33
2839, 82
2840, 82
2841, 62
2842, 78
2843, 18
2844, 42
2845, 60
2846, 16
2847, 83
2848, 59
2849, 6
2850, 99
2851, 47
2852, 33
2853, 45
2854, 47
2855, 14
2856, 78
2857, 78
2858, 81
2859, 64
2860, 59
2861, 78
2862, 42
2863, 79
2864, 42
2865, 42
2866, 92
2867, 83
2868, 14
2869, 78
2870, 23
2871, 42
2872, 59
2873, 26
2874, 33
2875, 42
2876, 18
2877, 79
2878, 96
2879, 39
2880, 42
2881, 42
2882, 79
2883, 18
2884, 14
2885, 47
2886, 14
2887, 78
2888, 45
2889, 42
2890, 16
2891, 79
2892, 82
2893, 18
2894, 33
2895, 96
2896, 42
2897, 47
2898, 42
2899, 71
2900, 47
2901, 33
2902, 42
2903, 12
2904, 42
2905, 53
2906, 70
2907, 45
2908, 33
2909, 42
2910, 82
2911, 94
2912, 45
2913, 18
2914, 33
2915, 79
2916, 74
2917, 52
2918, 78
2919, 57
2920, 78
2921, 18
2922, 78
2923, 42
2924, 42
2925, 42
2926, 42
2927, 81
2928, 82
2929, 33
2930, 42
2931, 82
2932, 47
2933, 42
2934, 59
2935, 6
2936, 33
2937, 18
2938, 96
2939, 25
2940, 42
2941, 42
2942, 33
2943, 59
2944, 87
2945, 47
2946, 82
2947, 18
2948, 82
2949, 99
2950, 18
2951, 45
2952, 87
2953, 42
2954, 99
2955, 71
2956, 14
2957, 96
2958, 77
2959, 89
2960, 96
2961, 57
2962, 94
2963, 42
2964, 83
2965, 14
2966, 14
2967, 82
2968, 30
2969, 83
2970, 88
2971, 7
2972, 78
2973, 3
2974, 42
2975, 73
2976, 42
2977, 79
2978, 16
2979, 39
2980, 55
2981, 79
2982, 14
2983, 21
2984, 42
2985, 42
2986, 0
2987, 42
2988, 18
2989, 28
2990, 78
2991, 94
2992, 42
2993, 47
2994, 83
2995, 99
2996, 82
2997, 83
2998, 42
2999, 87
3000, 78
