number, label
0001, 70
0002, 89
0003, 58
0004, 41
0005, 78
0006, 60
0007, 7
0008, 35
0009, 47
0010, 11
0011, 57
0012, 27
0013, 67
0014, 47
0015, 96
0016, 47
0017, 73
0018, 14
0019, 2
0020, 50
0021, 36
0022, 45
0023, 12
0024, 71
0025, 2
0026, 48
0027, 70
0028, 76
0029, 55
0030, 42
0031, 21
0032, 92
0033, 83
0034, 2
0035, 54
0036, 20
0037, 97
0038, 61
0039, 64
0040, 26
0041, 37
0042, 28
0043, 43
0044, 81
0045, 31
0046, 82
0047, 25
0048, 74
0049, 90
0050, 9
0051, 71
0052, 59
0053, 76
0054, 25
0055, 91
0056, 50
0057, 63
0058, 41
0059, 49
0060, 7
0061, 98
0062, 2
0063, 75
0064, 10
0065, 59
0066, 64
0067, 57
0068, 51
0069, 1
0070, 6
0071, 98
0072, 35
0073, 32
0074, 20
0075, 50
0076, 80
0077, 99
0078, 24
0079, 51
0080, 88
0081, 60
0082, 21
0083, 0
0084, 46
0085, 50
0086, 68
0087, 10
0088, 67
0089, 21
0090, 43
0091, 82
0092, 73
0093, 3
0094, 22
0095, 18
0096, 97
0097, 25
0098, 21
0099, 33
0100, 6
0101, 50
0102, 50
0103, 40
0104, 6
0105, 87
0106, 39
0107, 61
0108, 23
0109, 65
0110, 83
0111, 13
0112, 13
0113, 39
0114, 64
0115, 71
0116, 71
0117, 55
0118, 52
0119, 28
0120, 69
0121, 10
0122, 46
0123, 68
0124, 69
0125, 65
0126, 65
0127, 98
0128, 17
0129, 88
0130, 93
0131, 82
0132, 83
0133, 13
0134, 94
0135, 13
0136, 99
0137, 57
0138, 1
0139, 4
0140, 67
0141, 9
0142, 53
0143, 34
0144, 99
0145, 31
0146, 29
0147, 2
0148, 74
0149, 66
0150, 82
0151, 0
0152, 94
0153, 66
0154, 3
0155, 8
0156, 49
0157, 80
0158, 6
0159, 74
0160, 47
0161, 16
0162, 63
0163, 79
0164, 34
0165, 58
0166, 34
0167, 73
0168, 30
0169, 83
0170, 51
0171, 48
0172, 46
0173, 75
0174, 27
0175, 21
0176, 39
0177, 29
0178, 67
0179, 32
0180, 27
0181, 27
0182, 4
0183, 78
0184, 17
0185, 22
0186, 20
0187, 86
0188, 26
0189, 18
0190, 99
0191, 30
0192, 72
0193, 82
0194, 23
0195, 34
0196, 43
0197, 22
0198, 6
0199, 73
0200, 76
0201, 54
0202, 28
0203, 41
0204, 93
0205, 55
0206, 61
0207, 67
0208, 0
0209, 15
0210, 46
0211, 18
0212, 64
0213, 70
0214, 7
0215, 90
0216, 35
0217, 86
0218, 81
0219, 15
0220, 36
0221, 67
0222, 62
0223, 42
0224, 3
0225, 2
0226, 24
0227, 37
0228, 67
0229, 7
0230, 19
0231, 96
0232, 39
0233, 46
0234, 5
0235, 49
0236, 57
0237, 7
0238, 88
0239, 55
0240, 32
0241, 71
0242, 57
0243, 11
0244, 57
0245, 68
0246, 57
0247, 73
0248, 24
0249, 86
0250, 39
0251, 90
0252, 32
0253, 96
0254, 76
0255, 51
0256, 78
0257, 74
0258, 77
0259, 64
0260, 73
0261, 75
0262, 15
0263, 36
0264, 96
0265, 89
0266, 3
0267, 34
0268, 96
0269, 48
0270, 78
0271, 35
0272, 55
0273, 61
0274, 12
0275, 53
0276, 61
0277, 44
0278, 74
0279, 23
0280, 3
0281, 91
0282, 51
0283, 51
0284, 68
0285, 77
0286, 4
0287, 8
0288, 82
0289, 18
0290, 94
0291, 62
0292, 66
0293, 2
0294, 67
0295, 1
0296, 66
0297, 50
0298, 95
0299, 93
0300, 32
0301, 87
0302, 35
0303, 41
0304, 42
0305, 22
0306, 25
0307, 30
0308, 31
0309, 89
0310, 4
0311, 72
0312, 19
0313, 12
0314, 18
0315, 13
0316, 46
0317, 71
0318, 43
0319, 9
0320, 0
0321, 30
0322, 33
0323, 11
0324, 93
0325, 61
0326, 61
0327, 71
0328, 18
0329, 59
0330, 83
0331, 53
0332, 9
0333, 20
0334, 70
0335, 56
0336, 40
0337, 44
0338, 51
0339, 45
0340, 52
0341, 89
0342, 7
0343, 66
0344, 83
0345, 4
0346, 12
0347, 28
0348, 18
0349, 9
0350, 79
0351, 10
0352, 86
0353, 85
0354, 7
0355, 51
0356, 72
0357, 60
0358, 42
0359, 30
0360, 24
0361, 12
0362, 42
0363, 90
0364, 41
0365, 83
0366, 19
0367, 24
0368, 45
0369, 88
0370, 67
0371, 69
0372, 44
0373, 70
0374, 63
0375, 9
0376, 0
0377, 53
0378, 57
0379, 45
0380, 74
0381, 85
0382, 97
0383, 19
0384, 47
0385, 49
0386, 90
0387, 31
0388, 87
0389, 80
0390, 67
0391, 90
0392, 85
0393, 21
0394, 92
0395, 72
0396, 25
0397, 23
0398, 77
0399, 9
0400, 44
0401, 11
0402, 42
0403, 22
0404, 83
0405, 65
0406, 34
0407, 58
0408, 67
0409, 17
0410, 56
0411, 10
0412, 78
0413, 67
0414, 96
0415, 97
0416, 39
0417, 24
0418, 28
0419, 28
0420, 1
0421, 52
0422, 56
0423, 95
0424, 97
0425, 10
0426, 13
0427, 79
0428, 88
0429, 77
0430, 3
0431, 48
0432, 17
0433, 58
0434, 21
0435, 29
0436, 85
0437, 96
0438, 78
0439, 72
0440, 78
0441, 19
0442, 13
0443, 75
0444, 78
0445, 8
0446, 16
0447, 36
0448, 69
0449, 62
0450, 96
0451, 65
0452, 69
0453, 74
0454, 21
0455, 23
0456, 16
0457, 19
0458, 90
0459, 59
0460, 79
0461, 67
0462, 83
0463, 95
0464, 4
0465, 77
0466, 37
0467, 60
0468, 73
0469, 17
0470, 58
0471, 38
0472, 15
0473, 62
0474, 80
0475, 36
0476, 85
0477, 74
0478, 88
0479, 75
0480, 14
0481, 29
0482, 38
0483, 11
0484, 97
0485, 11
0486, 5
0487, 64
0488, 19
0489, 18
0490, 55
0491, 60
0492, 14
0493, 84
0494, 93
0495, 53
0496, 40
0497, 98
0498, 93
0499, 10
0500, 83
0501, 12
0502, 37
0503, 82
0504, 55
0505, 46
0506, 70
0507, 48
0508, 31
0509, 3
0510, 22
0511, 3
0512, 51
0513, 96
0514, 23
0515, 16
0516, 47
0517, 13
0518, 83
0519, 11
0520, 95
0521, 99
0522, 74
0523, 40
0524, 80
0525, 56
0526, 14
0527, 29
0528, 33
0529, 80
0530, 25
0531, 35
0532, 5
0533, 99
0534, 34
0535, 73
0536, 2
0537, 41
0538, 55
0539, 99
0540, 18
0541, 96
0542, 37
0543, 99
0544, 87
0545, 36
0546, 7
0547, 64
0548, 59
0549, 58
0550, 34
0551, 15
0552, 63
0553, 74
0554, 60
0555, 89
0556, 73
0557, 39
0558, 45
0559, 55
0560, 1
0561, 27
0562, 44
0563, 17
0564, 27
0565, 71
0566, 35
0567, 60
0568, 37
0569, 56
0570, 92
0571, 50
0572, 60
0573, 48
0574, 90
0575, 8
0576, 38
0577, 58
0578, 97
0579, 58
0580, 23
0581, 10
0582, 24
0583, 66
0584, 79
0585, 71
0586, 14
0587, 35
0588, 77
0589, 77
0590, 71
0591, 58
0592, 5
0593, 44
0594, 90
0595, 26
0596, 50
0597, 14
0598, 22
0599, 34
0600, 47
0601, 22
0602, 95
0603, 16
0604, 27
0605, 8
0606, 63
0607, 76
0608, 6
0609, 9
0610, 36
0611, 54
0612, 17
0613, 20
0614, 93
0615, 15
0616, 50
0617, 71
0618, 4
0619, 64
0620, 19
0621, 36
0622, 47
0623, 45
0624, 28
0625, 62
0626, 79
0627, 34
0628, 5
0629, 7
0630, 69
0631, 11
0632, 68
0633, 51
0634, 14
0635, 70
0636, 68
0637, 0
0638, 49
0639, 20
0640, 4
0641, 55
0642, 44
0643, 12
0644, 64
0645, 91
0646, 6
0647, 6
0648, 2
0649, 7
0650, 2
0651, 33
0652, 83
0653, 65
0654, 7
0655, 27
0656, 40
0657, 69
0658, 6
0659, 73
0660, 31
0661, 17
0662, 41
0663, 61
0664, 84
0665, 26
0666, 67
0667, 96
0668, 97
0669, 8
0670, 14
0671, 41
0672, 73
0673, 41
0674, 82
0675, 25
0676, 29
0677, 49
0678, 51
0679, 16
0680, 7
0681, 8
0682, 6
0683, 38
0684, 7
0685, 32
0686, 79
0687, 82
0688, 27
0689, 77
0690, 85
0691, 64
0692, 81
0693, 56
0694, 69
0695, 47
0696, 98
0697, 23
0698, 54
0699, 25
0700, 64
0701, 5
0702, 17
0703, 15
0704, 30
0705, 26
0706, 28
0707, 15
0708, 18
0709, 68
0710, 28
0711, 31
0712, 74
0713, 58
0714, 77
0715, 1
0716, 42
0717, 94
0718, 36
0719, 61
0720, 18
0721, 81
0722, 7
0723, 48
0724, 88
0725, 7
0726, 19
0727, 83
0728, 23
0729, 42
0730, 63
0731, 89
0732, 86
0733, 27
0734, 38
0735, 28
0736, 21
0737, 87
0738, 46
0739, 22
0740, 52
0741, 70
0742, 66
0743, 33
0744, 26
0745, 72
0746, 90
0747, 97
0748, 18
0749, 38
0750, 57
0751, 20
0752, 54
0753, 85
0754, 41
0755, 66
0756, 96
0757, 64
0758, 91
0759, 78
0760, 10
0761, 6
0762, 90
0763, 5
0764, 61
0765, 69
0766, 87
0767, 14
0768, 47
0769, 59
0770, 52
0771, 99
0772, 41
0773, 10
0774, 8
0775, 60
0776, 54
0777, 96
0778, 93
0779, 0
0780, 77
0781, 59
0782, 83
0783, 64
0784, 84
0785, 26
0786, 0
0787, 54
0788, 24
0789, 29
0790, 76
0791, 55
0792, 70
0793, 48
0794, 66
0795, 61
0796, 3
0797, 23
0798, 58
0799, 1
0800, 4
0801, 93
0802, 78
0803, 68
0804, 30
0805, 93
0806, 73
0807, 34
0808, 56
0809, 40
0810, 22
0811, 35
0812, 90
0813, 74
0814, 29
0815, 52
0816, 95
0817, 50
0818, 9
0819, 50
0820, 98
0821, 44
0822, 46
0823, 22
0824, 37
0825, 43
0826, 84
0827, 37
0828, 90
0829, 11
0830, 71
0831, 46
0832, 25
0833, 77
0834, 53
0835, 51
0836, 20
0837, 59
0838, 26
0839, 93
0840, 9
0841, 86
0842, 70
0843, 45
0844, 42
0845, 46
0846, 74
0847, 96
0848, 3
0849, 5
0850, 95
0851, 15
0852, 90
0853, 98
0854, 96
0855, 70
0856, 79
0857, 49
0858, 87
0859, 72
0860, 2
0861, 70
0862, 27
0863, 2
0864, 72
0865, 48
0866, 82
0867, 82
0868, 64
0869, 86
0870, 76
0871, 74
0872, 28
0873, 97
0874, 39
0875, 72
0876, 60
0877, 14
0878, 71
0879, 32
0880, 6
0881, 9
0882, 26
0883, 77
0884, 70
0885, 94
0886, 48
0887, 67
0888, 96
0889, 47
0890, 36
0891, 71
0892, 67
0893, 8
0894, 66
0895, 7
0896, 74
0897, 67
0898, 81
0899, 12
0900, 96
0901, 53
0902, 2
0903, 14
0904, 37
0905, 52
0906, 81
0907, 21
0908, 12
0909, 40
0910, 76
0911, 45
0912, 91
0913, 17
0914, 88
0915, 65
0916, 67
0917, 58
0918, 24
0919, 98
0920, 27
0921, 42
0922, 35
0923, 89
0924, 79
0925, 51
0926, 73
0927, 81
0928, 9
0929, 9
0930, 0
0931, 68
0932, 13
0933, 84
0934, 45
0935, 58
0936, 43
0937, 1
0938, 49
0939, 96
0940, 86
0941, 20
0942, 67
0943, 60
0944, 35
0945, 80
0946, 13
0947, 31
0948, 4
0949, 53
0950, 78
0951, 26
0952, 90
0953, 14
0954, 20
0955, 29
0956, 87
0957, 48
0958, 0
0959, 30
0960, 96
0961, 17
0962, 69
0963, 85
0964, 3
0965, 66
0966, 69
0967, 75
0968, 60
0969, 79
0970, 24
0971, 84
0972, 66
0973, 56
0974, 16
0975, 73
0976, 71
0977, 25
0978, 92
0979, 72
0980, 66
0981, 45
0982, 94
0983, 46
0984, 27
0985, 24
0986, 8
0987, 12
0988, 31
0989, 6
0990, 10
0991, 25
0992, 3
0993, 9
0994, 92
0995, 7
0996, 48
0997, 98
0998, 26
0999, 1
1000, 95
1001, 6
1002, 73
1003, 25
1004, 89
1005, 21
1006, 87
1007, 50
1008, 20
1009, 62
1010, 25
1011, 71
1012, 85
1013, 80
1014, 60
1015, 61
1016, 11
1017, 59
1018, 18
1019, 63
1020, 99
1021, 69
1022, 91
1023, 1
1024, 19
1025, 64
1026, 39
1027, 59
1028, 5
1029, 33
1030, 96
1031, 68
1032, 41
1033, 45
1034, 52
1035, 61
1036, 88
1037, 99
1038, 8
1039, 63
1040, 60
1041, 36
1042, 6
1043, 35
1044, 97
1045, 73
1046, 29
1047, 20
1048, 86
1049, 66
1050, 8
1051, 65
1052, 1
1053, 58
1054, 35
1055, 25
1056, 89
1057, 76
1058, 83
1059, 82
1060, 23
1061, 41
1062, 64
1063, 82
1064, 98
1065, 90
1066, 81
1067, 99
1068, 68
1069, 3
1070, 6
1071, 36
1072, 88
1073, 47
1074, 71
1075, 49
1076, 92
1077, 8
1078, 90
1079, 60
1080, 56
1081, 65
1082, 90
1083, 45
1084, 94
1085, 5
1086, 37
1087, 27
1088, 7
1089, 72
1090, 85
1091, 32
1092, 50
1093, 2
1094, 41
1095, 79
1096, 9
1097, 70
1098, 49
1099, 19
1100, 54
1101, 50
1102, 55
1103, 80
1104, 8
1105, 77
1106, 74
1107, 40
1108, 49
1109, 70
1110, 63
1111, 94
1112, 4
1113, 61
1114, 60
1115, 16
1116, 38
1117, 77
1118, 22
1119, 5
1120, 93
1121, 61
1122, 69
1123, 71
1124, 26
1125, 64
1126, 63
1127, 83
1128, 77
1129, 89
1130, 96
1131, 1
1132, 46
1133, 29
1134, 31
1135, 59
1136, 76
1137, 81
1138, 82
1139, 65
1140, 94
1141, 13
1142, 7
1143, 41
1144, 9
1145, 85
1146, 15
1147, 72
1148, 10
1149, 16
1150, 41
1151, 56
1152, 59
1153, 73
1154, 10
1155, 47
1156, 86
1157, 40
1158, 17
1159, 38
1160, 8
1161, 25
1162, 97
1163, 97
1164, 72
1165, 37
1166, 41
1167, 52
1168, 64
1169, 87
1170, 4
1171, 3
1172, 55
1173, 88
1174, 52
1175, 21
1176, 26
1177, 7
1178, 8
1179, 6
1180, 53
1181, 38
1182, 24
1183, 73
1184, 92
1185, 6
1186, 94
1187, 10
1188, 25
1189, 5
1190, 62
1191, 47
1192, 86
1193, 9
1194, 29
1195, 25
1196, 32
1197, 52
1198, 3
1199, 14
1200, 68
1201, 77
1202, 18
1203, 55
1204, 24
1205, 26
1206, 79
1207, 40
1208, 57
1209, 37
1210, 43
1211, 53
1212, 20
1213, 65
1214, 65
1215, 89
1216, 23
1217, 18
1218, 33
1219, 2
1220, 88
1221, 71
1222, 21
1223, 44
1224, 18
1225, 25
1226, 93
1227, 69
1228, 77
1229, 60
1230, 40
1231, 57
1232, 77
1233, 10
1234, 21
1235, 76
1236, 60
1237, 46
1238, 97
1239, 60
1240, 24
1241, 81
1242, 35
1243, 8
1244, 20
1245, 24
1246, 47
1247, 27
1248, 34
1249, 43
1250, 17
1251, 33
1252, 59
1253, 73
1254, 60
1255, 35
1256, 99
1257, 15
1258, 32
1259, 19
1260, 27
1261, 2
1262, 65
1263, 58
1264, 75
1265, 29
1266, 58
1267, 48
1268, 15
1269, 59
1270, 94
1271, 69
1272, 79
1273, 49
1274, 51
1275, 81
1276, 75
1277, 76
1278, 69
1279, 67
1280, 26
1281, 82
1282, 78
1283, 50
1284, 65
1285, 95
1286, 90
1287, 37
1288, 66
1289, 40
1290, 34
1291, 65
1292, 67
1293, 30
1294, 16
1295, 17
1296, 55
1297, 89
1298, 41
1299, 33
1300, 71
1301, 73
1302, 32
1303, 38
1304, 65
1305, 9
1306, 86
1307, 39
1308, 9
1309, 17
1310, 22
1311, 53
1312, 87
1313, 89
1314, 98
1315, 1
1316, 99
1317, 0
1318, 85
1319, 68
1320, 49
1321, 61
1322, 23
1323, 15
1324, 97
1325, 20
1326, 84
1327, 38
1328, 57
1329, 79
1330, 20
1331, 14
1332, 51
1333, 66
1334, 21
1335, 31
1336, 93
1337, 11
1338, 19
1339, 66
1340, 58
1341, 68
1342, 38
1343, 95
1344, 34
1345, 92
1346, 31
1347, 31
1348, 86
1349, 56
1350, 58
1351, 86
1352, 38
1353, 82
1354, 30
1355, 80
1356, 76
1357, 40
1358, 37
1359, 22
1360, 52
1361, 65
1362, 27
1363, 32
1364, 5
1365, 3
1366, 19
1367, 77
1368, 91
1369, 99
1370, 62
1371, 10
1372, 67
1373, 17
1374, 24
1375, 69
1376, 96
1377, 77
1378, 36
1379, 46
1380, 80
1381, 99
1382, 50
1383, 86
1384, 45
1385, 85
1386, 60
1387, 69
1388, 9
1389, 97
1390, 60
1391, 38
1392, 1
1393, 93
1394, 7
1395, 92
1396, 75
1397, 86
1398, 64
1399, 27
1400, 55
1401, 35
1402, 19
1403, 6
1404, 98
1405, 80
1406, 40
1407, 18
1408, 88
1409, 18
1410, 23
1411, 27
1412, 46
1413, 9
1414, 35
1415, 34
1416, 99
1417, 99
1418, 69
1419, 86
1420, 87
1421, 45
1422, 11
1423, 59
1424, 60
1425, 84
1426, 18
1427, 28
1428, 29
1429, 18
1430, 78
1431, 2
1432, 37
1433, 30
1434, 27
1435, 12
1436, 19
1437, 24
1438, 62
1439, 87
1440, 32
1441, 71
1442, 72
1443, 44
1444, 70
1445, 33
1446, 99
1447, 28
1448, 45
1449, 99
1450, 25
1451, 52
1452, 92
1453, 48
1454, 22
1455, 19
1456, 47
1457, 26
1458, 0
1459, 94
1460, 82
1461, 63
1462, 38
1463, 4
1464, 74
1465, 31
1466, 7
1467, 3
1468, 35
1469, 46
1470, 84
1471, 43
1472, 39
1473, 66
1474, 70
1475, 43
1476, 42
1477, 5
1478, 41
1479, 77
1480, 7
1481, 23
1482, 39
1483, 35
1484, 25
1485, 86
1486, 22
1487, 84
1488, 8
1489, 17
1490, 55
1491, 63
1492, 34
1493, 33
1494, 65
1495, 2
1496, 33
1497, 91
1498, 84
1499, 29
1500, 20
1501, 72
1502, 68
1503, 26
1504, 32
1505, 7
1506, 3
1507, 88
1508, 62
1509, 55
1510, 16
1511, 44
1512, 36
1513, 10
1514, 95
1515, 86
1516, 53
1517, 30
1518, 45
1519, 88
1520, 12
1521, 74
1522, 92
1523, 18
1524, 39
1525, 43
1526, 67
1527, 55
1528, 54
1529, 65
1530, 99
1531, 69
1532, 64
1533, 78
1534, 85
1535, 53
1536, 31
1537, 95
1538, 96
1539, 29
1540, 19
1541, 4
1542, 1
1543, 88
1544, 63
1545, 50
1546, 23
1547, 87
1548, 72
1549, 58
1550, 88
1551, 5
1552, 84
1553, 90
1554, 21
1555, 63
1556, 85
1557, 90
1558, 96
1559, 78
1560, 90
1561, 18
1562, 68
1563, 50
1564, 66
1565, 92
1566, 92
1567, 42
1568, 48
1569, 87
1570, 88
1571, 31
1572, 69
1573, 28
1574, 48
1575, 41
1576, 57
1577, 3
1578, 62
1579, 27
1580, 50
1581, 7
1582, 50
1583, 16
1584, 91
1585, 87
1586, 83
1587, 11
1588, 98
1589, 31
1590, 1
1591, 38
1592, 85
1593, 25
1594, 14
1595, 63
1596, 1
1597, 41
1598, 13
1599, 43
1600, 70
1601, 27
1602, 54
1603, 86
1604, 76
1605, 34
1606, 67
1607, 79
1608, 61
1609, 71
1610, 89
1611, 29
1612, 74
1613, 65
1614, 97
1615, 69
1616, 72
1617, 17
1618, 84
1619, 17
1620, 69
1621, 15
1622, 32
1623, 7
1624, 0
1625, 64
1626, 78
1627, 51
1628, 57
1629, 39
1630, 78
1631, 64
1632, 70
1633, 79
1634, 54
1635, 54
1636, 43
1637, 55
1638, 84
1639, 8
1640, 24
1641, 86
1642, 95
1643, 12
1644, 60
1645, 93
1646, 5
1647, 22
1648, 65
1649, 12
1650, 59
1651, 45
1652, 89
1653, 1
1654, 67
1655, 37
1656, 72
1657, 26
1658, 14
1659, 91
1660, 41
1661, 22
1662, 50
1663, 71
1664, 44
1665, 21
1666, 13
1667, 5
1668, 5
1669, 85
1670, 97
1671, 37
1672, 20
1673, 23
1674, 18
1675, 15
1676, 93
1677, 69
1678, 36
1679, 83
1680, 38
1681, 72
1682, 63
1683, 55
1684, 1
1685, 29
1686, 74
1687, 67
1688, 65
1689, 57
1690, 6
1691, 46
1692, 57
1693, 81
1694, 88
1695, 64
1696, 30
1697, 47
1698, 20
1699, 68
1700, 75
1701, 91
1702, 39
1703, 65
1704, 29
1705, 34
1706, 12
1707, 6
1708, 81
1709, 26
1710, 9
1711, 63
1712, 32
1713, 80
1714, 9
1715, 34
1716, 50
1717, 9
1718, 22
1719, 1
1720, 60
1721, 19
1722, 66
1723, 88
1724, 44
1725, 67
1726, 49
1727, 87
1728, 25
1729, 55
1730, 63
1731, 59
1732, 97
1733, 8
1734, 15
1735, 52
1736, 41
1737, 76
1738, 33
1739, 76
1740, 4
1741, 54
1742, 38
1743, 47
1744, 41
1745, 49
1746, 24
1747, 28
1748, 77
1749, 51
1750, 77
1751, 97
1752, 61
1753, 56
1754, 63
1755, 36
1756, 28
1757, 98
1758, 32
1759, 68
1760, 39
1761, 44
1762, 85
1763, 66
1764, 59
1765, 1
1766, 59
1767, 69
1768, 9
1769, 43
1770, 29
1771, 7
1772, 47
1773, 87
1774, 61
1775, 2
1776, 87
1777, 1
1778, 54
1779, 33
1780, 77
1781, 92
1782, 76
1783, 16
1784, 36
1785, 2
1786, 21
1787, 14
1788, 15
1789, 14
1790, 12
1791, 19
1792, 69
1793, 93
1794, 43
1795, 28
1796, 75
1797, 94
1798, 42
1799, 42
1800, 79
1801, 79
1802, 30
1803, 81
1804, 42
1805, 62
1806, 57
1807, 41
1808, 2
1809, 42
1810, 19
1811, 37
1812, 85
1813, 40
1814, 59
1815, 10
1816, 30
1817, 64
1818, 53
1819, 2
1820, 32
1821, 64
1822, 76
1823, 21
1824, 17
1825, 11
1826, 74
1827, 41
1828, 50
1829, 23
1830, 0
1831, 18
1832, 65
1833, 68
1834, 6
1835, 49
1836, 26
1837, 74
1838, 28
1839, 68
1840, 55
1841, 54
1842, 54
1843, 76
1844, 62
1845, 47
1846, 28
1847, 95
1848, 83
1849, 3
1850, 74
1851, 67
1852, 73
1853, 93
1854, 40
1855, 30
1856, 79
1857, 7
1858, 53
1859, 52
1860, 43
1861, 76
1862, 9
1863, 15
1864, 65
1865, 30
1866, 55
1867, 40
1868, 44
1869, 0
1870, 70
1871, 43
1872, 41
1873, 20
1874, 95
1875, 82
1876, 51
1877, 44
1878, 61
1879, 2
1880, 29
1881, 56
1882, 45
1883, 90
1884, 6
1885, 33
1886, 69
1887, 97
1888, 16
1889, 73
1890, 63
1891, 18
1892, 83
1893, 86
1894, 68
1895, 46
1896, 60
1897, 83
1898, 19
1899, 39
1900, 64
1901, 19
1902, 82
1903, 24
1904, 20
1905, 29
1906, 55
1907, 25
1908, 14
1909, 81
1910, 27
1911, 2
1912, 47
1913, 17
1914, 68
1915, 28
1916, 89
1917, 54
1918, 77
1919, 46
1920, 90
1921, 59
1922, 7
1923, 33
1924, 10
1925, 77
1926, 22
1927, 78
1928, 33
1929, 63
1930, 72
1931, 12
1932, 81
1933, 14
1934, 60
1935, 5
1936, 58
1937, 16
1938, 92
1939, 53
1940, 81
1941, 5
1942, 97
1943, 71
1944, 99
1945, 26
1946, 11
1947, 10
1948, 46
1949, 33
1950, 7
1951, 83
1952, 57
1953, 0
1954, 65
1955, 42
1956, 37
1957, 73
1958, 23
1959, 60
1960, 90
1961, 2
1962, 15
1963, 44
1964, 18
1965, 89
1966, 0
1967, 8
1968, 12
1969, 22
1970, 72
1971, 8
1972, 35
1973, 74
1974, 16
1975, 9
1976, 13
1977, 53
1978, 90
1979, 0
1980, 94
1981, 73
1982, 95
1983, 79
1984, 89
1985, 34
1986, 73
1987, 99
1988, 57
1989, 8
1990, 81
1991, 97
1992, 91
1993, 29
1994, 21
1995, 23
1996, 22
1997, 81
1998, 6
1999, 42
2000, 71
2001, 78
2002, 64
2003, 46
2004, 91
2005, 58
2006, 15
2007, 9
2008, 66
2009, 37
2010, 89
2011, 84
2012, 38
2013, 99
2014, 71
2015, 78
2016, 62
2017, 11
2018, 64
2019, 58
2020, 83
2021, 10
2022, 50
2023, 18
2024, 21
2025, 1
2026, 67
2027, 97
2028, 18
2029, 44
2030, 44
2031, 14
2032, 25
2033, 44
2034, 13
2035, 18
2036, 63
2037, 42
2038, 59
2039, 44
2040, 10
2041, 97
2042, 10
2043, 87
2044, 45
2045, 73
2046, 2
2047, 97
2048, 17
2049, 42
2050, 79
2051, 16
2052, 65
2053, 0
2054, 53
2055, 27
2056, 6
2057, 56
2058, 91
2059, 13
2060, 37
2061, 67
2062, 24
2063, 57
2064, 50
2065, 63
2066, 98
2067, 81
2068, 2
2069, 23
2070, 3
2071, 79
2072, 77
2073, 17
2074, 38
2075, 44
2076, 24
2077, 8
2078, 0
2079, 18
2080, 97
2081, 57
2082, 78
2083, 83
2084, 57
2085, 17
2086, 88
2087, 33
2088, 19
2089, 95
2090, 64
2091, 54
2092, 91
2093, 52
2094, 5
2095, 21
2096, 56
2097, 80
2098, 43
2099, 70
2100, 6
2101, 94
2102, 27
2103, 73
2104, 99
2105, 96
2106, 58
2107, 37
2108, 94
2109, 97
2110, 25
2111, 41
2112, 75
2113, 4
2114, 89
2115, 38
2116, 68
2117, 67
2118, 24
2119, 52
2120, 78
2121, 10
2122, 34
2123, 67
2124, 73
2125, 66
2126, 79
2127, 9
2128, 44
2129, 46
2130, 64
2131, 81
2132, 86
2133, 36
2134, 24
2135, 87
2136, 62
2137, 11
2138, 52
2139, 5
2140, 91
2141, 35
2142, 6
2143, 19
2144, 63
2145, 71
2146, 84
2147, 96
2148, 19
2149, 60
2150, 61
2151, 7
2152, 71
2153, 88
2154, 95
2155, 50
2156, 61
2157, 4
2158, 1
2159, 97
2160, 0
2161, 94
2162, 39
2163, 90
2164, 87
2165, 73
2166, 62
2167, 39
2168, 16
2169, 43
2170, 84
2171, 65
2172, 77
2173, 46
2174, 68
2175, 20
2176, 19
2177, 41
2178, 12
2179, 19
2180, 97
2181, 35
2182, 67
2183, 67
2184, 24
2185, 40
2186, 91
2187, 54
2188, 25
2189, 77
2190, 76
2191, 92
2192, 70
2193, 41
2194, 76
2195, 32
2196, 44
2197, 72
2198, 5
2199, 84
2200, 16
2201, 81
2202, 29
2203, 78
2204, 15
2205, 98
2206, 40
2207, 11
2208, 51
2209, 91
2210, 92
2211, 11
2212, 70
2213, 46
2214, 60
2215, 5
2216, 55
2217, 37
2218, 26
2219, 24
2220, 12
2221, 51
2222, 27
2223, 3
2224, 37
2225, 20
2226, 71
2227, 61
2228, 77
2229, 5
2230, 18
2231, 68
2232, 36
2233, 75
2234, 29
2235, 80
2236, 76
2237, 25
2238, 58
2239, 55
2240, 37
2241, 22
2242, 29
2243, 53
2244, 21
2245, 94
2246, 50
2247, 66
2248, 64
2249, 32
2250, 19
2251, 65
2252, 39
2253, 52
2254, 59
2255, 32
2256, 31
2257, 67
2258, 99
2259, 22
2260, 47
2261, 46
2262, 76
2263, 27
2264, 76
2265, 84
2266, 58
2267, 21
2268, 44
2269, 51
2270, 22
2271, 0
2272, 69
2273, 36
2274, 56
2275, 53
2276, 31
2277, 0
2278, 28
2279, 80
2280, 47
2281, 95
2282, 88
2283, 23
2284, 58
2285, 69
2286, 65
2287, 9
2288, 1
2289, 47
2290, 99
2291, 79
2292, 81
2293, 23
2294, 77
2295, 84
2296, 10
2297, 65
2298, 8
2299, 59
2300, 45
2301, 60
2302, 96
2303, 98
2304, 90
2305, 62
2306, 30
2307, 65
2308, 85
2309, 48
2310, 94
2311, 83
2312, 49
2313, 9
2314, 74
2315, 20
2316, 11
2317, 3
2318, 91
2319, 99
2320, 25
2321, 80
2322, 78
2323, 30
2324, 84
2325, 25
2326, 32
2327, 56
2328, 9
2329, 84
2330, 9
2331, 34
2332, 14
2333, 41
2334, 4
2335, 33
2336, 95
2337, 41
2338, 45
2339, 89
2340, 84
2341, 34
2342, 78
2343, 99
2344, 29
2345, 80
2346, 45
2347, 42
2348, 48
2349, 46
2350, 74
2351, 23
2352, 34
2353, 73
2354, 68
2355, 11
2356, 95
2357, 45
2358, 9
2359, 80
2360, 7
2361, 61
2362, 56
2363, 51
2364, 99
2365, 0
2366, 66
2367, 94
2368, 82
2369, 66
2370, 23
2371, 97
2372, 18
2373, 49
2374, 76
2375, 75
2376, 21
2377, 4
2378, 96
2379, 77
2380, 1
2381, 57
2382, 60
2383, 9
2384, 66
2385, 45
2386, 0
2387, 3
2388, 10
2389, 49
2390, 87
2391, 42
2392, 25
2393, 93
2394, 12
2395, 82
2396, 49
2397, 45
2398, 30
2399, 5
2400, 65
2401, 88
2402, 72
2403, 65
2404, 36
2405, 82
2406, 69
2407, 63
2408, 42
2409, 26
2410, 69
2411, 5
2412, 62
2413, 28
2414, 33
2415, 51
2416, 59
2417, 24
2418, 68
2419, 5
2420, 63
2421, 65
2422, 95
2423, 39
2424, 42
2425, 8
2426, 86
2427, 70
2428, 70
2429, 8
2430, 51
2431, 40
2432, 10
2433, 79
2434, 88
2435, 50
2436, 14
2437, 79
2438, 99
2439, 6
2440, 28
2441, 89
2442, 82
2443, 56
2444, 97
2445, 46
2446, 68
2447, 59
2448, 72
2449, 69
2450, 40
2451, 47
2452, 55
2453, 80
2454, 97
2455, 26
2456, 41
2457, 31
2458, 40
2459, 65
2460, 28
2461, 88
2462, 64
2463, 35
2464, 62
2465, 7
2466, 18
2467, 83
2468, 99
2469, 39
2470, 37
2471, 77
2472, 89
2473, 17
2474, 81
2475, 33
2476, 49
2477, 79
2478, 26
2479, 68
2480, 80
2481, 49
2482, 43
2483, 46
2484, 76
2485, 32
2486, 75
2487, 66
2488, 36
2489, 36
2490, 89
2491, 93
2492, 59
2493, 96
2494, 52
2495, 66
2496, 75
2497, 18
2498, 28
2499, 93
2500, 5
2501, 12
2502, 57
2503, 2
2504, 27
2505, 87
2506, 1
2507, 43
2508, 6
2509, 14
2510, 71
2511, 2
2512, 77
2513, 66
2514, 68
2515, 45
2516, 99
2517, 19
2518, 67
2519, 1
2520, 52
2521, 56
2522, 69
2523, 36
2524, 60
2525, 73
2526, 62
2527, 74
2528, 13
2529, 67
2530, 36
2531, 44
2532, 57
2533, 77
2534, 29
2535, 86
2536, 26
2537, 75
2538, 52
2539, 98
2540, 95
2541, 71
2542, 16
2543, 14
2544, 46
2545, 59
2546, 11
2547, 50
2548, 5
2549, 65
2550, 73
2551, 4
2552, 60
2553, 47
2554, 60
2555, 84
2556, 41
2557, 56
2558, 99
2559, 46
2560, 80
2561, 92
2562, 28
2563, 51
2564, 36
2565, 51
2566, 44
2567, 58
2568, 1
2569, 72
2570, 22
2571, 79
2572, 53
2573, 82
2574, 79
2575, 11
2576, 28
2577, 67
2578, 77
2579, 3
2580, 11
2581, 66
2582, 9
2583, 43
2584, 38
2585, 67
2586, 41
2587, 56
2588, 97
2589, 91
2590, 70
2591, 7
2592, 84
2593, 18
2594, 69
2595, 63
2596, 87
2597, 57
2598, 76
2599, 17
2600, 24
2601, 51
2602, 42
2603, 29
2604, 89
2605, 8
2606, 36
2607, 37
2608, 95
2609, 53
2610, 21
2611, 65
2612, 31
2613, 3
2614, 20
2615, 58
2616, 24
2617, 63
2618, 86
2619, 15
2620, 17
2621, 46
2622, 66
2623, 92
2624, 53
2625, 93
2626, 69
2627, 74
2628, 57
2629, 50
2630, 4
2631, 12
2632, 77
2633, 86
2634, 75
2635, 87
2636, 33
2637, 16
2638, 48
2639, 49
2640, 79
2641, 98
2642, 82
2643, 61
2644, 72
2645, 76
2646, 86
2647, 6
2648, 12
2649, 88
2650, 42
2651, 3
2652, 45
2653, 10
2654, 79
2655, 9
2656, 96
2657, 72
2658, 27
2659, 8
2660, 65
2661, 5
2662, 20
2663, 0
2664, 89
2665, 75
2666, 43
2667, 55
2668, 99
2669, 46
2670, 0
2671, 73
2672, 35
2673, 98
2674, 25
2675, 44
2676, 71
2677, 0
2678, 83
2679, 17
2680, 37
2681, 32
2682, 34
2683, 98
2684, 75
2685, 86
2686, 66
2687, 83
2688, 44
2689, 64
2690, 1
2691, 14
2692, 49
2693, 18
2694, 9
2695, 94
2696, 45
2697, 65
2698, 28
2699, 99
2700, 62
2701, 49
2702, 23
2703, 32
2704, 2
2705, 49
2706, 52
2707, 96
2708, 69
2709, 59
2710, 52
2711, 26
2712, 63
2713, 57
2714, 27
2715, 36
2716, 97
2717, 2
2718, 98
2719, 15
2720, 29
2721, 75
2722, 64
2723, 58
2724, 46
2725, 17
2726, 79
2727, 5
2728, 4
2729, 4
2730, 60
2731, 10
2732, 45
2733, 4
2734, 54
2735, 98
2736, 41
2737, 14
2738, 44
2739, 5
2740, 60
2741, 15
2742, 74
2743, 61
2744, 64
2745, 74
2746, 53
2747, 73
2748, 69
2749, 90
2750, 44
2751, 53
2752, 92
2753, 34
2754, 55
2755, 28
2756, 6
2757, 25
2758, 46
2759, 20
2760, 94
2761, 33
2762, 45
2763, 21
2764, 59
2765, 60
2766, 62
2767, 77
2768, 80
2769, 87
2770, 13
2771, 27
2772, 73
2773, 10
2774, 5
2775, 48
2776, 10
2777, 90
2778, 31
2779, 91
2780, 21
2781, 18
2782, 62
2783, 99
2784, 68
2785, 47
2786, 21
2787, 97
2788, 25
2789, 35
2790, 10
2791, 15
2792, 50
2793, 2
2794, 76
2795, 30
2796, 25
2797, 88
2798, 6
2799, 71
2800, 63
2801, 38
2802, 86
2803, 99
2804, 98
2805, 80
2806, 8
2807, 49
2808, 20
2809, 65
2810, 16
2811, 69
2812, 36
2813, 34
2814, 75
2815, 51
2816, 40
2817, 87
2818, 75
2819, 21
2820, 77
2821, 67
2822, 36
2823, 56
2824, 8
2825, 99
2826, 98
2827, 8
2828, 41
2829, 25
2830, 73
2831, 55
2832, 28
2833, 99
2834, 93
2835, 51
2836, 58
2837, 85
2838, 33
2839, 56
2840, 84
2841, 10
2842, 86
2843, 49
2844, 88
2845, 60
2846, 76
2847, 10
2848, 59
2849, 67
2850, 62
2851, 17
2852, 75
2853, 24
2854, 55
2855, 34
2856, 16
2857, 0
2858, 22
2859, 64
2860, 85
2861, 74
2862, 64
2863, 59
2864, 75
2865, 58
2866, 11
2867, 72
2868, 20
2869, 44
2870, 80
2871, 42
2872, 95
2873, 63
2874, 84
2875, 32
2876, 83
2877, 7
2878, 38
2879, 39
2880, 87
2881, 93
2882, 9
2883, 77
2884, 98
2885, 49
2886, 69
2887, 36
2888, 32
2889, 51
2890, 76
2891, 9
2892, 82
2893, 78
2894, 78
2895, 87
2896, 15
2897, 52
2898, 74
2899, 71
2900, 15
2901, 51
2902, 14
2903, 13
2904, 7
2905, 62
2906, 11
2907, 63
2908, 59
2909, 32
2910, 59
2911, 94
2912, 11
2913, 90
2914, 96
2915, 16
2916, 26
2917, 52
2918, 21
2919, 53
2920, 16
2921, 83
2922, 32
2923, 31
2924, 65
2925, 48
2926, 42
2927, 90
2928, 70
2929, 14
2930, 59
2931, 18
2932, 60
2933, 84
2934, 89
2935, 75
2936, 36
2937, 99
2938, 55
2939, 37
2940, 50
2941, 76
2942, 83
2943, 96
2944, 87
2945, 59
2946, 32
2947, 27
2948, 18
2949, 13
2950, 30
2951, 73
2952, 57
2953, 98
2954, 62
2955, 23
2956, 40
2957, 85
2958, 80
2959, 59
2960, 35
2961, 57
2962, 94
2963, 37
2964, 70
2965, 41
2966, 40
2967, 73
2968, 30
2969, 56
2970, 40
2971, 56
2972, 48
2973, 73
2974, 1
2975, 91
2976, 97
2977, 94
2978, 61
2979, 62
2980, 60
2981, 33
2982, 1
2983, 49
2984, 34
2985, 32
2986, 0
2987, 78
2988, 65
2989, 28
2990, 61
2991, 86
2992, 33
2993, 13
2994, 1
2995, 10
2996, 52
2997, 13
2998, 75
2999, 87
3000, 54
